; FBX 7.7.0 project file
; ----------------------------------------------------

FBXHeaderExtension:  {
	FBXHeaderVersion: 1004
	FBXVersion: 7700
	CreationTimeStamp:  {
		Version: 1000
		Year: 2023
		Month: 8
		Day: 5
		Hour: 16
		Minute: 55
		Second: 46
		Millisecond: 256
	}
	Creator: "FBX SDK/FBX Plugins version 2020.2"
	OtherFlags:  {
		TCDefinition: 127
	}
	SceneInfo: "SceneInfo::GlobalInfo", "UserData" {
		Type: "UserData"
		Version: 100
		MetaData:  {
			Version: 100
			Title: ""
			Subject: ""
			Author: ""
			Keywords: ""
			Revision: ""
			Comment: ""
		}
		Properties70:  {
			P: "DocumentUrl", "KString", "Url", "", "C:\Users\patri\Documents\work-folder\game-dev\Unity\Custard-Fall\Assets\Animations\Player\grapple-throw.fbx"
			P: "SrcDocumentUrl", "KString", "Url", "", "C:\Users\patri\Documents\work-folder\game-dev\Unity\Custard-Fall\Assets\Animations\Player\grapple-throw.fbx"
			P: "Original", "Compound", "", ""
			P: "Original|ApplicationVendor", "KString", "", "", ""
			P: "Original|ApplicationName", "KString", "", "", ""
			P: "Original|ApplicationVersion", "KString", "", "", ""
			P: "Original|DateTime_GMT", "DateTime", "", "", ""
			P: "Original|FileName", "KString", "", "", ""
			P: "LastSaved", "Compound", "", ""
			P: "LastSaved|ApplicationVendor", "KString", "", "", ""
			P: "LastSaved|ApplicationName", "KString", "", "", ""
			P: "LastSaved|ApplicationVersion", "KString", "", "", ""
			P: "LastSaved|DateTime_GMT", "DateTime", "", "", ""
		}
	}
}
GlobalSettings:  {
	Version: 1000
	Properties70:  {
		P: "UpAxis", "int", "Integer", "",1
		P: "UpAxisSign", "int", "Integer", "",1
		P: "FrontAxis", "int", "Integer", "",2
		P: "FrontAxisSign", "int", "Integer", "",1
		P: "CoordAxis", "int", "Integer", "",0
		P: "CoordAxisSign", "int", "Integer", "",1
		P: "OriginalUpAxis", "int", "Integer", "",-1
		P: "OriginalUpAxisSign", "int", "Integer", "",1
		P: "UnitScaleFactor", "double", "Number", "",1
		P: "OriginalUnitScaleFactor", "double", "Number", "",1
		P: "AmbientColor", "ColorRGB", "Color", "",0,0,0
		P: "DefaultCamera", "KString", "", "", "Producer Perspective"
		P: "TimeMode", "enum", "", "",3
		P: "TimeProtocol", "enum", "", "",2
		P: "SnapOnFrameMode", "enum", "", "",0
		P: "TimeSpanStart", "KTime", "Time", "",0
		P: "TimeSpanStop", "KTime", "Time", "",46186158000
		P: "CustomFrameRate", "double", "Number", "",-1
		P: "TimeMarker", "Compound", "", ""
		P: "CurrentTimeMarker", "int", "Integer", "",-1
	}
}

; Documents Description
;------------------------------------------------------------------

Documents:  {
	Count: 1
	Document: 2315674227136, "myScene", "Scene" {
		Properties70:  {
			P: "SourceObject", "object", "", ""
			P: "ActiveAnimStackName", "KString", "", "", ""
		}
		RootNode: 0
	}
}

; Document References
;------------------------------------------------------------------

References:  {
}

; Object definitions
;------------------------------------------------------------------

Definitions:  {
	Version: 100
	Count: 382
	ObjectType: "GlobalSettings" {
		Count: 1
	}
	ObjectType: "NodeAttribute" {
		Count: 27
		PropertyTemplate: "FbxNull" {
			Properties70:  {
				P: "Color", "ColorRGB", "Color", "",0.8,0.8,0.8
				P: "Size", "double", "Number", "",100
				P: "Look", "enum", "", "",1
			}
		}
	}
	ObjectType: "Model" {
		Count: 27
		PropertyTemplate: "FbxNode" {
			Properties70:  {
				P: "QuaternionInterpolate", "enum", "", "",0
				P: "RotationOffset", "Vector3D", "Vector", "",0,0,0
				P: "RotationPivot", "Vector3D", "Vector", "",0,0,0
				P: "ScalingOffset", "Vector3D", "Vector", "",0,0,0
				P: "ScalingPivot", "Vector3D", "Vector", "",0,0,0
				P: "TranslationActive", "bool", "", "",0
				P: "TranslationMin", "Vector3D", "Vector", "",0,0,0
				P: "TranslationMax", "Vector3D", "Vector", "",0,0,0
				P: "TranslationMinX", "bool", "", "",0
				P: "TranslationMinY", "bool", "", "",0
				P: "TranslationMinZ", "bool", "", "",0
				P: "TranslationMaxX", "bool", "", "",0
				P: "TranslationMaxY", "bool", "", "",0
				P: "TranslationMaxZ", "bool", "", "",0
				P: "RotationOrder", "enum", "", "",0
				P: "RotationSpaceForLimitOnly", "bool", "", "",0
				P: "RotationStiffnessX", "double", "Number", "",0
				P: "RotationStiffnessY", "double", "Number", "",0
				P: "RotationStiffnessZ", "double", "Number", "",0
				P: "AxisLen", "double", "Number", "",10
				P: "PreRotation", "Vector3D", "Vector", "",0,0,0
				P: "PostRotation", "Vector3D", "Vector", "",0,0,0
				P: "RotationActive", "bool", "", "",0
				P: "RotationMin", "Vector3D", "Vector", "",0,0,0
				P: "RotationMax", "Vector3D", "Vector", "",0,0,0
				P: "RotationMinX", "bool", "", "",0
				P: "RotationMinY", "bool", "", "",0
				P: "RotationMinZ", "bool", "", "",0
				P: "RotationMaxX", "bool", "", "",0
				P: "RotationMaxY", "bool", "", "",0
				P: "RotationMaxZ", "bool", "", "",0
				P: "InheritType", "enum", "", "",0
				P: "ScalingActive", "bool", "", "",0
				P: "ScalingMin", "Vector3D", "Vector", "",0,0,0
				P: "ScalingMax", "Vector3D", "Vector", "",1,1,1
				P: "ScalingMinX", "bool", "", "",0
				P: "ScalingMinY", "bool", "", "",0
				P: "ScalingMinZ", "bool", "", "",0
				P: "ScalingMaxX", "bool", "", "",0
				P: "ScalingMaxY", "bool", "", "",0
				P: "ScalingMaxZ", "bool", "", "",0
				P: "GeometricTranslation", "Vector3D", "Vector", "",0,0,0
				P: "GeometricRotation", "Vector3D", "Vector", "",0,0,0
				P: "GeometricScaling", "Vector3D", "Vector", "",1,1,1
				P: "MinDampRangeX", "double", "Number", "",0
				P: "MinDampRangeY", "double", "Number", "",0
				P: "MinDampRangeZ", "double", "Number", "",0
				P: "MaxDampRangeX", "double", "Number", "",0
				P: "MaxDampRangeY", "double", "Number", "",0
				P: "MaxDampRangeZ", "double", "Number", "",0
				P: "MinDampStrengthX", "double", "Number", "",0
				P: "MinDampStrengthY", "double", "Number", "",0
				P: "MinDampStrengthZ", "double", "Number", "",0
				P: "MaxDampStrengthX", "double", "Number", "",0
				P: "MaxDampStrengthY", "double", "Number", "",0
				P: "MaxDampStrengthZ", "double", "Number", "",0
				P: "PreferedAngleX", "double", "Number", "",0
				P: "PreferedAngleY", "double", "Number", "",0
				P: "PreferedAngleZ", "double", "Number", "",0
				P: "LookAtProperty", "object", "", ""
				P: "UpVectorProperty", "object", "", ""
				P: "Show", "bool", "", "",1
				P: "NegativePercentShapeSupport", "bool", "", "",1
				P: "DefaultAttributeIndex", "int", "Integer", "",-1
				P: "Freeze", "bool", "", "",0
				P: "LODBox", "bool", "", "",0
				P: "Lcl Translation", "Lcl Translation", "", "A",0,0,0
				P: "Lcl Rotation", "Lcl Rotation", "", "A",0,0,0
				P: "Lcl Scaling", "Lcl Scaling", "", "A",1,1,1
				P: "Visibility", "Visibility", "", "A",1
				P: "Visibility Inheritance", "Visibility Inheritance", "", "",1
			}
		}
	}
	ObjectType: "Pose" {
		Count: 1
	}
	ObjectType: "AnimationStack" {
		Count: 1
		PropertyTemplate: "FbxAnimStack" {
			Properties70:  {
				P: "Description", "KString", "", "", ""
				P: "LocalStart", "KTime", "Time", "",0
				P: "LocalStop", "KTime", "Time", "",0
				P: "ReferenceStart", "KTime", "Time", "",0
				P: "ReferenceStop", "KTime", "Time", "",0
			}
		}
	}
	ObjectType: "AnimationLayer" {
		Count: 1
		PropertyTemplate: "FbxAnimLayer" {
			Properties70:  {
				P: "Weight", "Number", "", "A",100
				P: "Mute", "bool", "", "",0
				P: "Solo", "bool", "", "",0
				P: "Lock", "bool", "", "",0
				P: "Color", "ColorRGB", "Color", "",0.8,0.8,0.8
				P: "BlendMode", "enum", "", "",0
				P: "RotationAccumulationMode", "enum", "", "",0
				P: "ScaleAccumulationMode", "enum", "", "",0
				P: "BlendModeBypass", "ULongLong", "", "",0
			}
		}
	}
	ObjectType: "AnimationCurveNode" {
		Count: 81
		PropertyTemplate: "FbxAnimCurveNode" {
			Properties70:  {
				P: "d", "Compound", "", ""
			}
		}
	}
	ObjectType: "AnimationCurve" {
		Count: 243
	}
}

; Object properties
;------------------------------------------------------------------

Objects:  {
	NodeAttribute: 2315574115904, "NodeAttribute::", "Null" {
		TypeFlags: "Null"
	}
	NodeAttribute: 2315612661024, "NodeAttribute::spine", "LimbNode" {
		Properties70:  {
			P: "Size", "double", "Number", "",3.07307386398315
		}
		TypeFlags: "Skeleton"
	}
	NodeAttribute: 2315612662368, "NodeAttribute::spine.001", "LimbNode" {
		Properties70:  {
			P: "Size", "double", "Number", "",5.92468929290771
		}
		TypeFlags: "Skeleton"
	}
	NodeAttribute: 2315612662944, "NodeAttribute::spine.002", "LimbNode" {
		Properties70:  {
			P: "Size", "double", "Number", "",1.44307434558868
		}
		TypeFlags: "Skeleton"
	}
	NodeAttribute: 2315612655456, "NodeAttribute::spine.003", "LimbNode" {
		Properties70:  {
			P: "Size", "double", "Number", "",2.28556323051453
		}
		TypeFlags: "Skeleton"
	}
	NodeAttribute: 2315612653920, "NodeAttribute::spine.004", "LimbNode" {
		Properties70:  {
			P: "Size", "double", "Number", "",2.28556323051453
		}
		TypeFlags: "Skeleton"
	}
	NodeAttribute: 2315612657952, "NodeAttribute::spine.005", "LimbNode" {
		Properties70:  {
			P: "Size", "double", "Number", "",10.6969041824341
		}
		TypeFlags: "Skeleton"
	}
	NodeAttribute: 2315612651808, "NodeAttribute::shoulder.L", "LimbNode" {
		Properties70:  {
			P: "Size", "double", "Number", "",4.06424999237061
		}
		TypeFlags: "Skeleton"
	}
	NodeAttribute: 2315612657568, "NodeAttribute::upper_arm.L", "LimbNode" {
		Properties70:  {
			P: "Size", "double", "Number", "",2.30270051956177
		}
		TypeFlags: "Skeleton"
	}
	NodeAttribute: 2315612652192, "NodeAttribute::forearm.L", "LimbNode" {
		Properties70:  {
			P: "Size", "double", "Number", "",2.20601892471313
		}
		TypeFlags: "Skeleton"
	}
	NodeAttribute: 2315612652576, "NodeAttribute::hand.L", "LimbNode" {
		Properties70:  {
			P: "Size", "double", "Number", "",3.17390847206116
		}
		TypeFlags: "Skeleton"
	}
	NodeAttribute: 2315612663136, "NodeAttribute::shoulder.R", "LimbNode" {
		Properties70:  {
			P: "Size", "double", "Number", "",4.02232217788696
		}
		TypeFlags: "Skeleton"
	}
	NodeAttribute: 2315612656224, "NodeAttribute::upper_arm.R", "LimbNode" {
		Properties70:  {
			P: "Size", "double", "Number", "",2.30296659469604
		}
		TypeFlags: "Skeleton"
	}
	NodeAttribute: 2315612653536, "NodeAttribute::forearm.R", "LimbNode" {
		Properties70:  {
			P: "Size", "double", "Number", "",2.23443579673767
		}
		TypeFlags: "Skeleton"
	}
	NodeAttribute: 2315612661408, "NodeAttribute::hand.R", "LimbNode" {
		Properties70:  {
			P: "Size", "double", "Number", "",3.07848525047302
		}
		TypeFlags: "Skeleton"
	}
	NodeAttribute: 2315612652384, "NodeAttribute::pelvis.L", "LimbNode" {
		Properties70:  {
			P: "Size", "double", "Number", "",3.44474768638611
		}
		TypeFlags: "Skeleton"
	}
	NodeAttribute: 2315612657760, "NodeAttribute::pelvis.R", "LimbNode" {
		Properties70:  {
			P: "Size", "double", "Number", "",3.44474768638611
		}
		TypeFlags: "Skeleton"
	}
	NodeAttribute: 2315612654688, "NodeAttribute::thigh.L", "LimbNode" {
		Properties70:  {
			P: "Size", "double", "Number", "",1.75832772254944
		}
		TypeFlags: "Skeleton"
	}
	NodeAttribute: 2315612660256, "NodeAttribute::shin.L", "LimbNode" {
		Properties70:  {
			P: "Size", "double", "Number", "",1.86580634117126
		}
		TypeFlags: "Skeleton"
	}
	NodeAttribute: 2315612663328, "NodeAttribute::foot.L", "LimbNode" {
		Properties70:  {
			P: "Size", "double", "Number", "",2.28556299209595
		}
		TypeFlags: "Skeleton"
	}
	NodeAttribute: 2315612661216, "NodeAttribute::toe.L", "LimbNode" {
		Properties70:  {
			P: "Size", "double", "Number", "",2.28556323051453
		}
		TypeFlags: "Skeleton"
	}
	NodeAttribute: 2315612662176, "NodeAttribute::heel.02.L", "LimbNode" {
		Properties70:  {
			P: "Size", "double", "Number", "",2.28556299209595
		}
		TypeFlags: "Skeleton"
	}
	NodeAttribute: 2315612662560, "NodeAttribute::thigh.R", "LimbNode" {
		Properties70:  {
			P: "Size", "double", "Number", "",1.75832772254944
		}
		TypeFlags: "Skeleton"
	}
	NodeAttribute: 2315612655072, "NodeAttribute::shin.R", "LimbNode" {
		Properties70:  {
			P: "Size", "double", "Number", "",1.86580634117126
		}
		TypeFlags: "Skeleton"
	}
	NodeAttribute: 2315612662752, "NodeAttribute::foot.R", "LimbNode" {
		Properties70:  {
			P: "Size", "double", "Number", "",2.28556299209595
		}
		TypeFlags: "Skeleton"
	}
	NodeAttribute: 2315612652768, "NodeAttribute::toe.R", "LimbNode" {
		Properties70:  {
			P: "Size", "double", "Number", "",2.28556323051453
		}
		TypeFlags: "Skeleton"
	}
	NodeAttribute: 2315612654304, "NodeAttribute::heel.02.R", "LimbNode" {
		Properties70:  {
			P: "Size", "double", "Number", "",2.28556299209595
		}
		TypeFlags: "Skeleton"
	}
	Model: 2315423131312, "Model::BodyArmature", "Null" {
		Version: 232
		Properties70:  {
			P: "RotationActive", "bool", "", "",1
			P: "InheritType", "enum", "", "",1
			P: "ScalingMax", "Vector3D", "Vector", "",0,0,0
			P: "DefaultAttributeIndex", "int", "Integer", "",0
			P: "Lcl Rotation", "Lcl Rotation", "", "A+",-90.0000076293945,-8.65142101247329e-06,8.6514237409574e-06
			P: "Lcl Scaling", "Lcl Scaling", "", "A+",100,100,100
		}
		Shading: Y
		Culling: "CullingOff"
	}
	Model: 2315423113312, "Model::spine", "LimbNode" {
		Version: 232
		Properties70:  {
			P: "RotationActive", "bool", "", "",1
			P: "InheritType", "enum", "", "",1
			P: "ScalingMax", "Vector3D", "Vector", "",0,0,0
			P: "DefaultAttributeIndex", "int", "Integer", "",0
			P: "Lcl Translation", "Lcl Translation", "", "A+",-0.00386950187385082,0.0466917306184769,0.539193034172058
			P: "Lcl Rotation", "Lcl Rotation", "", "A+",102.438972473145,-0.302497416734695,1.40696227550507
		}
		Shading: Y
		Culling: "CullingOff"
	}
	Model: 2315423133312, "Model::spine.001", "LimbNode" {
		Version: 232
		Properties70:  {
			P: "RotationActive", "bool", "", "",1
			P: "InheritType", "enum", "", "",1
			P: "ScalingMax", "Vector3D", "Vector", "",0,0,0
			P: "DefaultAttributeIndex", "int", "Integer", "",0
			P: "Lcl Translation", "Lcl Translation", "", "A+",1.48284016177058e-08,0.141751825809479,0
			P: "Lcl Rotation", "Lcl Rotation", "", "A+",-4.2857666015625,0.494918823242188,-0.207855224609375
		}
		Shading: Y
		Culling: "CullingOff"
	}
	Model: 2315423129312, "Model::spine.002", "LimbNode" {
		Version: 232
		Properties70:  {
			P: "RotationActive", "bool", "", "",1
			P: "InheritType", "enum", "", "",1
			P: "ScalingMax", "Vector3D", "Vector", "",0,0,0
			P: "DefaultAttributeIndex", "int", "Integer", "",0
			P: "Lcl Translation", "Lcl Translation", "", "A+",-2.32248567044735e-08,0.24531215429306,-5.96046447753906e-08
			P: "Lcl Rotation", "Lcl Rotation", "", "A+",-7.10966491699219,0.51434326171875,-0.0056915283203125
		}
		Shading: Y
		Culling: "CullingOff"
	}
	Model: 2315423119312, "Model::spine.003", "LimbNode" {
		Version: 232
		Properties70:  {
			P: "RotationActive", "bool", "", "",1
			P: "InheritType", "enum", "", "",1
			P: "ScalingMax", "Vector3D", "Vector", "",0,0,0
			P: "DefaultAttributeIndex", "int", "Integer", "",0
			P: "Lcl Translation", "Lcl Translation", "", "A+",0,0.0756027027964592,0
			P: "Lcl Rotation", "Lcl Rotation", "", "A+",1.2515059709549,-0,0
		}
		Shading: Y
		Culling: "CullingOff"
	}
	Model: 2315423135312, "Model::spine.004", "LimbNode" {
		Version: 232
		Properties70:  {
			P: "RotationActive", "bool", "", "",1
			P: "InheritType", "enum", "", "",1
			P: "ScalingMax", "Vector3D", "Vector", "",0,0,0
			P: "DefaultAttributeIndex", "int", "Integer", "",0
			P: "Lcl Translation", "Lcl Translation", "", "A+",5.80075720790774e-08,0.13337904214859,-1.99303030967712e-07
			P: "Lcl Rotation", "Lcl Rotation", "", "A+",25.6175689697266,0.01338457968086,0.0803481340408325
		}
		Shading: Y
		Culling: "CullingOff"
	}
	Model: 2315423121312, "Model::spine.005", "LimbNode" {
		Version: 232
		Properties70:  {
			P: "RotationActive", "bool", "", "",1
			P: "InheritType", "enum", "", "",1
			P: "ScalingMax", "Vector3D", "Vector", "",0,0,0
			P: "DefaultAttributeIndex", "int", "Integer", "",0
			P: "Lcl Translation", "Lcl Translation", "", "A+",-5.82076609134674e-09,0.045824408531189,-5.96046447753906e-08
			P: "Lcl Rotation", "Lcl Rotation", "", "A+",-18.2616424560547,-0.0647125244140625,-0.13140869140625
			P: "Lcl Scaling", "Lcl Scaling", "", "A+",1,0.999999821186066,0.999999821186066
		}
		Shading: Y
		Culling: "CullingOff"
	}
	Model: 2315423123312, "Model::shoulder.L", "LimbNode" {
		Version: 232
		Properties70:  {
			P: "RotationActive", "bool", "", "",1
			P: "InheritType", "enum", "", "",1
			P: "ScalingMax", "Vector3D", "Vector", "",0,0,0
			P: "DefaultAttributeIndex", "int", "Integer", "",0
			P: "Lcl Translation", "Lcl Translation", "", "A+",0.0126745188608766,0.0950388312339783,0.0541960075497627
			P: "Lcl Rotation", "Lcl Rotation", "", "A+",-72.8318252563477,-77.3759384155273,-25.2295684814453
			P: "Lcl Scaling", "Lcl Scaling", "", "A+",0.999999821186066,0.999999821186066,1
		}
		Shading: Y
		Culling: "CullingOff"
	}
	Model: 2315423105312, "Model::upper_arm.L", "LimbNode" {
		Version: 232
		Properties70:  {
			P: "RotationActive", "bool", "", "",1
			P: "InheritType", "enum", "", "",1
			P: "ScalingMax", "Vector3D", "Vector", "",0,0,0
			P: "DefaultAttributeIndex", "int", "Integer", "",0
			P: "Lcl Translation", "Lcl Translation", "", "A+",0.000999085605144501,0.234335511922836,-0.0141233205795288
			P: "Lcl Rotation", "Lcl Rotation", "", "A+",-106.539588928223,28.9343414306641,-103.812568664551
			P: "Lcl Scaling", "Lcl Scaling", "", "A+",0.999999821186066,0.999999701976776,0.999999821186066
		}
		Shading: Y
		Culling: "CullingOff"
	}
	Model: 2315423109312, "Model::forearm.L", "LimbNode" {
		Version: 232
		Properties70:  {
			P: "RotationActive", "bool", "", "",1
			P: "InheritType", "enum", "", "",1
			P: "ScalingMax", "Vector3D", "Vector", "",0,0,0
			P: "DefaultAttributeIndex", "int", "Integer", "",0
			P: "Lcl Translation", "Lcl Translation", "", "A+",1.19209289550781e-07,0.201319217681885,5.96046447753906e-08
			P: "Lcl Rotation", "Lcl Rotation", "", "A+",46.3563079833984,-8.85333251953125,-5.55335998535156
			P: "Lcl Scaling", "Lcl Scaling", "", "A+",1,0.999999821186066,1.00000011920929
		}
		Shading: Y
		Culling: "CullingOff"
	}
	Model: 2315423125312, "Model::hand.L", "LimbNode" {
		Version: 232
		Properties70:  {
			P: "RotationActive", "bool", "", "",1
			P: "InheritType", "enum", "", "",1
			P: "ScalingMax", "Vector3D", "Vector", "",0,0,0
			P: "DefaultAttributeIndex", "int", "Integer", "",0
			P: "Lcl Translation", "Lcl Translation", "", "A+",1.78813934326172e-07,0.175703287124634,2.08616256713867e-07
			P: "Lcl Rotation", "Lcl Rotation", "", "A+",-4.53363943099976,2.04617691040039,2.8968768119812
			P: "Lcl Scaling", "Lcl Scaling", "", "A+",0.999999821186066,0.999999821186066,0.999999821186066
		}
		Shading: Y
		Culling: "CullingOff"
	}
	Model: 2315423127312, "Model::shoulder.R", "LimbNode" {
		Version: 232
		Properties70:  {
			P: "RotationActive", "bool", "", "",1
			P: "InheritType", "enum", "", "",1
			P: "ScalingMax", "Vector3D", "Vector", "",0,0,0
			P: "DefaultAttributeIndex", "int", "Integer", "",0
			P: "Lcl Translation", "Lcl Translation", "", "A+",-0.0126744685694575,0.0950389504432678,0.0541959777474403
			P: "Lcl Rotation", "Lcl Rotation", "", "A+",-72.8216400146484,77.3253784179688,25.504674911499
			P: "Lcl Scaling", "Lcl Scaling", "", "A+",0.999999821186066,0.999999821186066,1
		}
		Shading: Y
		Culling: "CullingOff"
	}
	Model: 2315423115312, "Model::upper_arm.R", "LimbNode" {
		Version: 232
		Properties70:  {
			P: "RotationActive", "bool", "", "",1
			P: "InheritType", "enum", "", "",1
			P: "ScalingMax", "Vector3D", "Vector", "",0,0,0
			P: "DefaultAttributeIndex", "int", "Integer", "",0
			P: "Lcl Translation", "Lcl Translation", "", "A+",-0.000999212265014648,0.234335541725159,-0.0141230821609497
			P: "Lcl Rotation", "Lcl Rotation", "", "A+",-107.620864868164,-27.4122104644775,104.97297668457
			P: "Lcl Scaling", "Lcl Scaling", "", "A+",0.999999821186066,0.999999701976776,0.999999821186066
		}
		Shading: Y
		Culling: "CullingOff"
	}
	Model: 2315423117312, "Model::forearm.R", "LimbNode" {
		Version: 232
		Properties70:  {
			P: "RotationActive", "bool", "", "",1
			P: "InheritType", "enum", "", "",1
			P: "ScalingMax", "Vector3D", "Vector", "",0,0,0
			P: "DefaultAttributeIndex", "int", "Integer", "",0
			P: "Lcl Translation", "Lcl Translation", "", "A+",-1.78813934326172e-07,0.20131903886795,1.49011611938477e-07
			P: "Lcl Rotation", "Lcl Rotation", "", "A+",46.2738876342773,8.86120414733887,5.54587268829346
			P: "Lcl Scaling", "Lcl Scaling", "", "A+",1,0.999999821186066,1.00000011920929
		}
		Shading: Y
		Culling: "CullingOff"
	}
	Model: 2315694571520, "Model::hand.R", "LimbNode" {
		Version: 232
		Properties70:  {
			P: "RotationActive", "bool", "", "",1
			P: "InheritType", "enum", "", "",1
			P: "ScalingMax", "Vector3D", "Vector", "",0,0,0
			P: "DefaultAttributeIndex", "int", "Integer", "",0
			P: "Lcl Translation", "Lcl Translation", "", "A+",-1.19209289550781e-07,0.175703465938568,1.49011611938477e-07
			P: "Lcl Rotation", "Lcl Rotation", "", "A+",-4.53379821777344,-2.04658508300781,-2.89723205566406
			P: "Lcl Scaling", "Lcl Scaling", "", "A+",0.999999821186066,0.999999821186066,0.999999821186066
		}
		Shading: Y
		Culling: "CullingOff"
	}
	Model: 2315694577520, "Model::pelvis.L", "LimbNode" {
		Version: 232
		Properties70:  {
			P: "RotationActive", "bool", "", "",1
			P: "InheritType", "enum", "", "",1
			P: "ScalingMax", "Vector3D", "Vector", "",0,0,0
			P: "DefaultAttributeIndex", "int", "Integer", "",0
			P: "Lcl Translation", "Lcl Translation", "", "A+",0,-1.44354999065399e-08,0
			P: "Lcl Rotation", "Lcl Rotation", "", "A+",124.899391174316,-73.7004776000977,175.630661010742
			P: "Lcl Scaling", "Lcl Scaling", "", "A+",0.999999821186066,1,1.00000011920929
		}
		Shading: Y
		Culling: "CullingOff"
	}
	Model: 2315694579520, "Model::pelvis.R", "LimbNode" {
		Version: 232
		Properties70:  {
			P: "RotationActive", "bool", "", "",1
			P: "InheritType", "enum", "", "",1
			P: "ScalingMax", "Vector3D", "Vector", "",0,0,0
			P: "DefaultAttributeIndex", "int", "Integer", "",0
			P: "Lcl Translation", "Lcl Translation", "", "A+",0,-1.44354999065399e-08,0
			P: "Lcl Rotation", "Lcl Rotation", "", "A+",124.899345397949,73.7005004882812,-175.630676269531
			P: "Lcl Scaling", "Lcl Scaling", "", "A+",0.999999821186066,1,1.00000011920929
		}
		Shading: Y
		Culling: "CullingOff"
	}
	Model: 2315694587520, "Model::thigh.L", "LimbNode" {
		Version: 232
		Properties70:  {
			P: "RotationActive", "bool", "", "",1
			P: "InheritType", "enum", "", "",1
			P: "ScalingMax", "Vector3D", "Vector", "",0,0,0
			P: "DefaultAttributeIndex", "int", "Integer", "",0
			P: "Lcl Translation", "Lcl Translation", "", "A+",0.170170977711678,0.0477659702301025,0.0211421251296997
			P: "Lcl Rotation", "Lcl Rotation", "", "A+",151.64794921875,14.0557556152344,-3.37409973144531
			P: "Lcl Scaling", "Lcl Scaling", "", "A+",1,1,1.00000011920929
		}
		Shading: Y
		Culling: "CullingOff"
	}
	Model: 2315694573520, "Model::shin.L", "LimbNode" {
		Version: 232
		Properties70:  {
			P: "RotationActive", "bool", "", "",1
			P: "InheritType", "enum", "", "",1
			P: "ScalingMax", "Vector3D", "Vector", "",0,0,0
			P: "DefaultAttributeIndex", "int", "Integer", "",0
			P: "Lcl Translation", "Lcl Translation", "", "A+",2.98023223876953e-08,0.285791903734207,-4.4703483581543e-08
			P: "Lcl Rotation", "Lcl Rotation", "", "A+",30.7376556396484,-7.01670912670559e-15,-7.01670912670559e-15
		}
		Shading: Y
		Culling: "CullingOff"
	}
	Model: 2315694575520, "Model::foot.L", "LimbNode" {
		Version: 232
		Properties70:  {
			P: "RotationActive", "bool", "", "",1
			P: "InheritType", "enum", "", "",1
			P: "ScalingMax", "Vector3D", "Vector", "",0,0,0
			P: "DefaultAttributeIndex", "int", "Integer", "",0
			P: "Lcl Translation", "Lcl Translation", "", "A+",-8.94069671630859e-08,0.256811052560806,-2.27242708206177e-07
			P: "Lcl Rotation", "Lcl Rotation", "", "A+",-73.1844482421875,0.0251832287758589,0.092501126229763
		}
		Shading: Y
		Culling: "CullingOff"
	}
	Model: 2315694583520, "Model::toe.L", "LimbNode" {
		Version: 232
		Properties70:  {
			P: "RotationActive", "bool", "", "",1
			P: "InheritType", "enum", "", "",1
			P: "ScalingMax", "Vector3D", "Vector", "",0,0,0
			P: "DefaultAttributeIndex", "int", "Integer", "",0
			P: "Lcl Translation", "Lcl Translation", "", "A+",1.49011611938477e-08,0.0895148515701294,-5.21540641784668e-08
			P: "Lcl Rotation", "Lcl Rotation", "", "A+",-147.994400024414,2.48354153882246e-05,179.999984741211
			P: "Lcl Scaling", "Lcl Scaling", "", "A+",1,0.999999821186066,0.999999821186066
		}
		Shading: Y
		Culling: "CullingOff"
	}
	Model: 2315694581520, "Model::heel.02.L", "LimbNode" {
		Version: 232
		Properties70:  {
			P: "RotationActive", "bool", "", "",1
			P: "InheritType", "enum", "", "",1
			P: "ScalingMax", "Vector3D", "Vector", "",0,0,0
			P: "DefaultAttributeIndex", "int", "Integer", "",0
			P: "Lcl Translation", "Lcl Translation", "", "A+",-0.0263186004012823,0.0138312000781298,0.0609414987266064
			P: "Lcl Rotation", "Lcl Rotation", "", "A+",179.999954223633,32.0053062438965,89.9999542236328
			P: "Lcl Scaling", "Lcl Scaling", "", "A+",0.999999821186066,0.999999701976776,0.999999821186066
		}
		Shading: Y
		Culling: "CullingOff"
	}
	Model: 2315694585520, "Model::thigh.R", "LimbNode" {
		Version: 232
		Properties70:  {
			P: "RotationActive", "bool", "", "",1
			P: "InheritType", "enum", "", "",1
			P: "ScalingMax", "Vector3D", "Vector", "",0,0,0
			P: "DefaultAttributeIndex", "int", "Integer", "",0
			P: "Lcl Translation", "Lcl Translation", "", "A+",-0.170171007514,0.0477660298347473,0.0211420506238937
			P: "Lcl Rotation", "Lcl Rotation", "", "A+",151.825576782227,-15.3644342422485,3.54695248603821
			P: "Lcl Scaling", "Lcl Scaling", "", "A+",1,1,1.00000011920929
		}
		Shading: Y
		Culling: "CullingOff"
	}
	Model: 2315694589520, "Model::shin.R", "LimbNode" {
		Version: 232
		Properties70:  {
			P: "RotationActive", "bool", "", "",1
			P: "InheritType", "enum", "", "",1
			P: "ScalingMax", "Vector3D", "Vector", "",0,0,0
			P: "DefaultAttributeIndex", "int", "Integer", "",0
			P: "Lcl Translation", "Lcl Translation", "", "A+",2.98023223876953e-08,0.28579193353653,-1.63912773132324e-07
			P: "Lcl Rotation", "Lcl Rotation", "", "A+",32.1983070373535,-1.27320490719285e-05,9.00355826161103e-06
		}
		Shading: Y
		Culling: "CullingOff"
	}
	Model: 2315694597520, "Model::foot.R", "LimbNode" {
		Version: 232
		Properties70:  {
			P: "RotationActive", "bool", "", "",1
			P: "InheritType", "enum", "", "",1
			P: "ScalingMax", "Vector3D", "Vector", "",0,0,0
			P: "DefaultAttributeIndex", "int", "Integer", "",0
			P: "Lcl Translation", "Lcl Translation", "", "A+",1.04308128356934e-07,0.256811082363129,-1.21071934700012e-08
			P: "Lcl Rotation", "Lcl Rotation", "", "A+",-75.0268478393555,0.10514972358942,0.343167036771774
		}
		Shading: Y
		Culling: "CullingOff"
	}
	Model: 2315694591520, "Model::toe.R", "LimbNode" {
		Version: 232
		Properties70:  {
			P: "RotationActive", "bool", "", "",1
			P: "InheritType", "enum", "", "",1
			P: "ScalingMax", "Vector3D", "Vector", "",0,0,0
			P: "DefaultAttributeIndex", "int", "Integer", "",0
			P: "Lcl Translation", "Lcl Translation", "", "A+",1.49011611938477e-08,0.0895147547125816,-1.11758708953857e-07
			P: "Lcl Rotation", "Lcl Rotation", "", "A+",-147.994277954102,-1.78180052898824e-05,180
			P: "Lcl Scaling", "Lcl Scaling", "", "A+",1,0.999999821186066,0.999999821186066
		}
		Shading: Y
		Culling: "CullingOff"
	}
	Model: 2315694593520, "Model::heel.02.R", "LimbNode" {
		Version: 232
		Properties70:  {
			P: "RotationActive", "bool", "", "",1
			P: "InheritType", "enum", "", "",1
			P: "ScalingMax", "Vector3D", "Vector", "",0,0,0
			P: "DefaultAttributeIndex", "int", "Integer", "",0
			P: "Lcl Translation", "Lcl Translation", "", "A+",0.0263186004012823,0.0138312000781298,0.0609414987266064
			P: "Lcl Rotation", "Lcl Rotation", "", "A+",179.999954223633,-32.0053100585938,-89.9999465942383
			P: "Lcl Scaling", "Lcl Scaling", "", "A+",0.999999821186066,0.999999701976776,0.999999821186066
		}
		Shading: Y
		Culling: "CullingOff"
	}
	Pose: 2315574123648, "Pose::BindPose", "BindPose" {
		Type: "BindPose"
		Version: 100
		NbPoseNodes: 27
		PoseNode:  {
			Node: 2315423131312
			Matrix: *16 {
				a: 99.9999999999977,1.50995829264909e-05,1.5099578164388e-05,0,1.50995801750188e-05,-1.33158031721726e-05,-99.999999999998,0,-1.50995809158605e-05,99.999999999998,-1.3315805452146e-05,0,0,0,0,1
			} 
		}
		PoseNode:  {
			Node: 2315694593520
			Matrix: *16 {
				a: 7.90425120134053e-07,-0.847998829019346,0.529997762592784,0,-0.999999701976418,-5.08665328358138e-07,6.77507165119939e-07,0,-3.04933887658844e-07,-0.52999776259313,-0.847998829019443,0,0.0263186004012823,0.0138312000781298,0.0609414987266064,1
			} 
		}
		PoseNode:  {
			Node: 2315694591520
			Matrix: *16 {
				a: -0.999999999999952,2.77555756156289e-17,3.10982858492403e-07,0,-1.64822115344965e-07,0.84799501803036,-0.530003860144269,0,-2.63711914717802e-07,-0.530003860144295,-0.847995018030319,0,1.49011611660921e-08,0.0895147547125817,-1.11758708953857e-07,1
			} 
		}
		PoseNode:  {
			Node: 2315694597520
			Matrix: *16 {
				a: 0.99998037966418,0.00598934878055023,-0.00183520785403618,0,-0.0033203143289148,0.258351147423831,-0.966045371676479,0,-0.00531185461395525,0.966032511008804,0.258365965008136,0,1.04308128412445e-07,0.256811082363129,-1.21071934752054e-08,1
			} 
		}
		PoseNode:  {
			Node: 2315694589520
			Matrix: *16 {
				a: 0.999999999999963,1.57141736040201e-07,2.22216176959389e-07,0,-2.51382909974285e-07,0.846208911065006,0.532851272715111,0,-1.04308134935005e-07,-0.532851272715147,0.846208911065014,0,2.98023223876953e-08,0.285791933536529,-1.63912773132324e-07,1
			} 
		}
		PoseNode:  {
			Node: 2315694585520
			Matrix: *16 {
				a: 0.96241295733695,0.0596553621308396,0.264957614193258,0,-0.0703258576145031,-0.887565311339995,0.455282430867614,0,0.2623272568904,-0.45680313661966,-0.850009142942234,0,-0.170171007514,0.0477660298347473,0.0211420506238937,1
			} 
		}
		PoseNode:  {
			Node: 2315694581520
			Matrix: *16 {
				a: 6.77507274005062e-07,0.847998864306177,-0.529997706133846,0,0.999999701976476,-3.75507358818528e-07,6.7750719334736e-07,0,3.75507403608028e-07,-0.529997706134146,-0.847998864306177,0,-0.0263186004012823,0.0138312000781298,0.0609414987266064,1
			} 
		}
		PoseNode:  {
			Node: 2315694583520
			Matrix: *16 {
				a: -0.99999999999987,2.66316108943343e-07,-4.33459769660915e-07,0,4.55569602209049e-07,0.847996147216871,-0.530002053465173,0,2.26424130040372e-07,-0.530002053465302,-0.847996147216882,0,1.49011611660921e-08,0.0895148515701294,-5.2154064164589e-08,1
			} 
		}
		PoseNode:  {
			Node: 2315694575520
			Matrix: *16 {
				a: 0.999998600183854,0.00161444835723806,-0.000439530244269792,0,-0.000887782270309417,0.289290574661601,-0.957240918084158,0,-0.001418264070736,0.957239968330023,0.289291602986612,0,-8.94069671630859e-08,0.256811052560806,-2.27242708220055e-07,1
			} 
		}
		PoseNode:  {
			Node: 2315694573520
			Matrix: *16 {
				a: 1,-1.52655665885959e-16,1.11022302462516e-16,0,2.77555756156289e-17,0.85951654951285,0.511107915330535,0,-1.66533453693773e-16,-0.511107915330535,0.85951654951285,0,2.98023223876953e-08,0.285791903734207,-4.4703483581543e-08,1
			} 
		}
		PoseNode:  {
			Node: 2315694587520
			Matrix: *16 {
				a: 0.96837828336997,-0.0570929870643476,-0.242865994172712,0,0.0633389626495798,-0.885308775090394,0.46066967401645,0,-0.241312432318393,-0.461485443271757,-0.853697683067867,0,0.170170977711678,0.0477659702301024,0.0211421251296997,1
			} 
		}
		PoseNode:  {
			Node: 2315694579520
			Matrix: *16 {
				a: -0.279842593263407,-0.0213820048820456,-0.95980757198253,0,-0.828494890396666,0.510501137101357,0.230184286181392,0,0.485061199924159,0.859611292909142,-0.160574891716614,0,6.50521303491303e-19,-1.44354999065399e-08,-2.77555756156289e-17,1
			} 
		}
		PoseNode:  {
			Node: 2315694577520
			Matrix: *16 {
				a: -0.279842969872987,0.021382108619535,0.959807459866724,0,0.828494547127003,0.510501610250124,0.230184472353922,0,-0.485061568961237,0.859611009337582,-0.16057529498986,0,6.50521303491303e-19,-1.44354999065399e-08,-2.77555756156289e-17,1
			} 
		}
		PoseNode:  {
			Node: 2315694571520
			Matrix: *16 {
				a: 0.998084558211288,-0.0505124417229164,0.0357120464763693,0,0.0532058499809919,0.995453815391689,-0.0789967171602316,0,-0.0315593814917464,0.0807455077727699,0.996234817092105,0,-1.19209289661804e-07,0.175703465938568,1.49011611938477e-07,1
			} 
		}
		PoseNode:  {
			Node: 2315423117312
			Matrix: *16 {
				a: 0.983439407336122,0.095489176648504,-0.154041388079205,0,0.0439967218969163,0.698734342059643,0.714026785254563,0,0.175815890175626,-0.708979605917162,0.682961880029838,0,-1.78813934326172e-07,0.20131903886795,1.49011611993988e-07,1
			} 
		}
		PoseNode:  {
			Node: 2315423115312
			Matrix: *16 {
				a: -0.229353653194276,0.857577173091084,0.460388896837998,0,0.179072306584483,0.502100793737265,-0.846065781069393,0,-0.956728616436119,-0.111605409309272,-0.268727053861911,0,-0.000999212265014635,0.234335541725159,-0.0141230821609497,1
			} 
		}
		PoseNode:  {
			Node: 2315423127312
			Matrix: *16 {
				a: 0.198032178723182,0.0944763386970816,-0.97563165179729,0,-0.9684468427609,-0.134786142876484,-0.209625978368826,0,-0.151306376257422,0.986360434843993,0.0648033415667528,0,-0.0126744685694575,0.0950389504432678,0.0541959777474404,1
			} 
		}
		PoseNode:  {
			Node: 2315423125312
			Matrix: *16 {
				a: 0.998085125438536,0.0505062662823721,-0.0357049270650408,0,-0.0531990285010319,0.995454397468349,-0.0789939763503278,0,0.0315529414960341,0.0807421946648955,0.996235289605728,0,1.78813934326172e-07,0.175703287124634,2.08616256769378e-07,1
			} 
		}
		PoseNode:  {
			Node: 2315423109312
			Matrix: *16 {
				a: 0.983447975098751,-0.0956197368225229,0.153905640585909,0,-0.0440606402776143,0.697710018230762,0.715023798772405,0,-0.175751947137626,-0.709970099704242,0.681948641044086,0,1.19209289661804e-07,0.201319217681885,5.96046448864129e-08,1
			} 
		}
		PoseNode:  {
			Node: 2315423105312
			Matrix: *16 {
				a: -0.208944846438177,-0.849866189631291,-0.483806937983201,0,-0.16571748492674,0.518342460623504,-0.838962581202504,0,0.963783898060725,-0.0951216670925165,-0.249142747557659,0,0.000999085605144515,0.234335511922836,-0.0141233205795286,1
			} 
		}
		PoseNode:  {
			Node: 2315423123312
			Matrix: *16 {
				a: 0.197704638531008,-0.0931573926518968,0.975824891294431,0,0.969223800868142,-0.130388760818429,-0.208814839642947,0,0.146689296819996,0.987076725519763,0.064511922430183,0,0.0126745188608766,0.0950388312339783,0.0541960075497627,1
			} 
		}
		PoseNode:  {
			Node: 2315423121312
			Matrix: *16 {
				a: 0.999996732074074,-0.00229351085719075,0.00112944637817294,0,0.00253191894903113,0.94963199279808,-0.313356522212235,0,-0.000353871828997633,0.313358357853019,0.949634696454669,0,-5.82076609178042e-09,0.045824408531189,-5.96046447753906e-08,1
			} 
		}
		PoseNode:  {
			Node: 2315423135312
			Matrix: *16 {
				a: 0.999998989436525,0.00140233898895272,-0.00023360498230187,0,-0.00116348720843174,0.901699245822143,0.43236225133711,0,0.000816959878763276,-0.432361542611202,0.901699966201296,0,5.80075720790774e-08,0.13337904214859,-1.99303030957304e-07,1
			} 
		}
		PoseNode:  {
			Node: 2315423119312
			Matrix: *16 {
				a: 1,8.67361737988404e-19,1.38777878078145e-17,0,0,0.999761453348817,0.0218411629237086,0,-1.38777878078145e-17,-0.0218411629237086,0.999761453348817,0,-5.42101086242752e-19,0.0756027027964592,3.46944695195361e-18,1
			} 
		}
		PoseNode:  {
			Node: 2315423129312
			Matrix: *16 {
				a: 0.999959702221472,-9.93319059702305e-05,-0.0089768628327152,0,-0.00101248400658553,0.992311179570765,-0.123763879120737,0,0.00892013504837991,0.123767980641394,0.992271091062654,0,-2.32248567043651e-08,0.24531215429306,-5.96046447615128e-08,1
			} 
		}
		PoseNode:  {
			Node: 2315423133312
			Matrix: *16 {
				a: 0.999956112968134,-0.00362761473928383,-0.00863785557666161,0,0.00297209453413863,0.997199508808623,-0.0747282161296703,0,0.00888475051647915,0.0746992640067217,0.997166526295941,0,1.48284016177058e-08,0.141751825809479,0,1
			} 
		}
		PoseNode:  {
			Node: 2315423113312
			Matrix: *16 {
				a: 0.999684580806701,0.024553314127057,0.00527955137375114,0,0.000134783165075404,-0.215461257178725,0.976512380099946,0,0.0251141539938822,-0.976203657758124,-0.21539660593619,0,-0.00386950187385082,0.0466917306184769,0.539193034172058,1
			} 
		}
	}
	AnimationStack: 2315672947600, "AnimStack::grapple-throw", "" {
	}
	AnimationCurve: 2315378237472, "AnimCurve::", "" {
		Default: 0
		KeyVer: 4009
		KeyTime: *8 {
			a: 0,769769300,1539538600,4618615800,10776770200,21553540400,33869849200,45416388700
		} 
		KeyValueFloat: *8 {
			a: 0,0,0,0,0,0,0,0
		} 
		;KeyAttrFlags: Cubic|TangeantAuto|GenericTimeIndependent, Cubic|TangeantAuto|GenericTimeIndependent, Cubic|TangeantAuto|GenericTimeIndependent, Cubic|TangeantAuto|GenericTimeIndependent, Cubic|TangeantAuto|GenericTimeIndependent, Cubic|TangeantAuto|GenericTimeIndependent, Cubic|TangeantAuto|GenericTimeIndependent, Cubic|TangeantAuto|GenericTimeIndependent
		KeyAttrFlags: *8 {
			a: 8456,8456,8456,8456,8456,8456,8456,8456
		} 
		;KeyAttrDataFloat: RightAuto:0, NextLeftAuto:0; RightAuto:0, NextLeftAuto:0; RightAuto:0, NextLeftAuto:0; RightAuto:0, NextLeftAuto:0; RightAuto:0, NextLeftAuto:0; RightAuto:0, NextLeftAuto:0; RightAuto:0, NextLeftAuto:0; RightAuto:0, NextLeftAuto:0
		KeyAttrDataFloat: *32 {
			a: 0,0,218434821,0,0,0,218434821,0,0,0,218434821,0,0,0,218434821,0,0,0,218434821,0,0,0,218434821,0,0,0,218434821,0,0,0,218434821,0
		} 
		KeyAttrRefCount: *8 {
			a: 1,1,1,1,1,1,1,1
		} 
	}
	AnimationCurve: 2315378242272, "AnimCurve::", "" {
		Default: 0
		KeyVer: 4009
		KeyTime: *8 {
			a: 0,769769300,1539538600,4618615800,10776770200,21553540400,33869849200,45416388700
		} 
		KeyValueFloat: *8 {
			a: 0,0,0,0,0,0,0,0
		} 
		;KeyAttrFlags: Cubic|TangeantAuto|GenericTimeIndependent, Cubic|TangeantAuto|GenericTimeIndependent, Cubic|TangeantAuto|GenericTimeIndependent, Cubic|TangeantAuto|GenericTimeIndependent, Cubic|TangeantAuto|GenericTimeIndependent, Cubic|TangeantAuto|GenericTimeIndependent, Cubic|TangeantAuto|GenericTimeIndependent, Cubic|TangeantAuto|GenericTimeIndependent
		KeyAttrFlags: *8 {
			a: 8456,8456,8456,8456,8456,8456,8456,8456
		} 
		;KeyAttrDataFloat: RightAuto:0, NextLeftAuto:0; RightAuto:0, NextLeftAuto:0; RightAuto:0, NextLeftAuto:0; RightAuto:0, NextLeftAuto:0; RightAuto:0, NextLeftAuto:0; RightAuto:0, NextLeftAuto:0; RightAuto:0, NextLeftAuto:0; RightAuto:0, NextLeftAuto:0
		KeyAttrDataFloat: *32 {
			a: 0,0,218434821,0,0,0,218434821,0,0,0,218434821,0,0,0,218434821,0,0,0,218434821,0,0,0,218434821,0,0,0,218434821,0,0,0,218434821,0
		} 
		KeyAttrRefCount: *8 {
			a: 1,1,1,1,1,1,1,1
		} 
	}
	AnimationCurve: 2315378242592, "AnimCurve::", "" {
		Default: 0
		KeyVer: 4009
		KeyTime: *8 {
			a: 0,769769300,1539538600,4618615800,10776770200,21553540400,33869849200,45416388700
		} 
		KeyValueFloat: *8 {
			a: 0,0,0,0,0,0,0,0
		} 
		;KeyAttrFlags: Cubic|TangeantAuto|GenericTimeIndependent, Cubic|TangeantAuto|GenericTimeIndependent, Cubic|TangeantAuto|GenericTimeIndependent, Cubic|TangeantAuto|GenericTimeIndependent, Cubic|TangeantAuto|GenericTimeIndependent, Cubic|TangeantAuto|GenericTimeIndependent, Cubic|TangeantAuto|GenericTimeIndependent, Cubic|TangeantAuto|GenericTimeIndependent
		KeyAttrFlags: *8 {
			a: 8456,8456,8456,8456,8456,8456,8456,8456
		} 
		;KeyAttrDataFloat: RightAuto:0, NextLeftAuto:0; RightAuto:0, NextLeftAuto:0; RightAuto:0, NextLeftAuto:0; RightAuto:0, NextLeftAuto:0; RightAuto:0, NextLeftAuto:0; RightAuto:0, NextLeftAuto:0; RightAuto:0, NextLeftAuto:0; RightAuto:0, NextLeftAuto:0
		KeyAttrDataFloat: *32 {
			a: 0,0,218434821,0,0,0,218434821,0,0,0,218434821,0,0,0,218434821,0,0,0,218434821,0,0,0,218434821,0,0,0,218434821,0,0,0,218434821,0
		} 
		KeyAttrRefCount: *8 {
