; FBX 7.7.0 project file
; ----------------------------------------------------

FBXHeaderExtension:  {
	FBXHeaderVersion: 1004
	FBXVersion: 7700
	CreationTimeStamp:  {
		Version: 1000
		Year: 2023
		Month: 8
		Day: 5
		Hour: 13
		Minute: 4
		Second: 40
		Millisecond: 845
	}
	Creator: "FBX SDK/FBX Plugins version 2020.2"
	OtherFlags:  {
		TCDefinition: 127
	}
	SceneInfo: "SceneInfo::GlobalInfo", "UserData" {
		Type: "UserData"
		Version: 100
		MetaData:  {
			Version: 100
			Title: ""
			Subject: ""
			Author: ""
			Keywords: ""
			Revision: ""
			Comment: ""
		}
		Properties70:  {
			P: "DocumentUrl", "KString", "Url", "", "C:\Users\patri\Documents\work-folder\game-dev\Unity\Custard-Fall\Assets\Animations\Player\loop-fast-walk.fbx"
			P: "SrcDocumentUrl", "KString", "Url", "", "C:\Users\patri\Documents\work-folder\game-dev\Unity\Custard-Fall\Assets\Animations\Player\loop-fast-walk.fbx"
			P: "Original", "Compound", "", ""
			P: "Original|ApplicationVendor", "KString", "", "", ""
			P: "Original|ApplicationName", "KString", "", "", ""
			P: "Original|ApplicationVersion", "KString", "", "", ""
			P: "Original|DateTime_GMT", "DateTime", "", "", ""
			P: "Original|FileName", "KString", "", "", ""
			P: "LastSaved", "Compound", "", ""
			P: "LastSaved|ApplicationVendor", "KString", "", "", ""
			P: "LastSaved|ApplicationName", "KString", "", "", ""
			P: "LastSaved|ApplicationVersion", "KString", "", "", ""
			P: "LastSaved|DateTime_GMT", "DateTime", "", "", ""
		}
	}
}
GlobalSettings:  {
	Version: 1000
	Properties70:  {
		P: "UpAxis", "int", "Integer", "",1
		P: "UpAxisSign", "int", "Integer", "",1
		P: "FrontAxis", "int", "Integer", "",2
		P: "FrontAxisSign", "int", "Integer", "",1
		P: "CoordAxis", "int", "Integer", "",0
		P: "CoordAxisSign", "int", "Integer", "",1
		P: "OriginalUpAxis", "int", "Integer", "",-1
		P: "OriginalUpAxisSign", "int", "Integer", "",1
		P: "UnitScaleFactor", "double", "Number", "",1
		P: "OriginalUnitScaleFactor", "double", "Number", "",1
		P: "AmbientColor", "ColorRGB", "Color", "",0,0,0
		P: "DefaultCamera", "KString", "", "", "Producer Perspective"
		P: "TimeMode", "enum", "", "",3
		P: "TimeProtocol", "enum", "", "",2
		P: "SnapOnFrameMode", "enum", "", "",0
		P: "TimeSpanStart", "KTime", "Time", "",0
		P: "TimeSpanStop", "KTime", "Time", "",46186158000
		P: "CustomFrameRate", "double", "Number", "",-1
		P: "TimeMarker", "Compound", "", ""
		P: "CurrentTimeMarker", "int", "Integer", "",-1
	}
}

; Documents Description
;------------------------------------------------------------------

Documents:  {
	Count: 1
	Document: 2718330746784, "myScene", "Scene" {
		Properties70:  {
			P: "SourceObject", "object", "", ""
			P: "ActiveAnimStackName", "KString", "", "", ""
		}
		RootNode: 0
	}
}

; Document References
;------------------------------------------------------------------

References:  {
}

; Object definitions
;------------------------------------------------------------------

Definitions:  {
	Version: 100
	Count: 382
	ObjectType: "GlobalSettings" {
		Count: 1
	}
	ObjectType: "NodeAttribute" {
		Count: 27
		PropertyTemplate: "FbxNull" {
			Properties70:  {
				P: "Color", "ColorRGB", "Color", "",0.8,0.8,0.8
				P: "Size", "double", "Number", "",100
				P: "Look", "enum", "", "",1
			}
		}
	}
	ObjectType: "Model" {
		Count: 27
		PropertyTemplate: "FbxNode" {
			Properties70:  {
				P: "QuaternionInterpolate", "enum", "", "",0
				P: "RotationOffset", "Vector3D", "Vector", "",0,0,0
				P: "RotationPivot", "Vector3D", "Vector", "",0,0,0
				P: "ScalingOffset", "Vector3D", "Vector", "",0,0,0
				P: "ScalingPivot", "Vector3D", "Vector", "",0,0,0
				P: "TranslationActive", "bool", "", "",0
				P: "TranslationMin", "Vector3D", "Vector", "",0,0,0
				P: "TranslationMax", "Vector3D", "Vector", "",0,0,0
				P: "TranslationMinX", "bool", "", "",0
				P: "TranslationMinY", "bool", "", "",0
				P: "TranslationMinZ", "bool", "", "",0
				P: "TranslationMaxX", "bool", "", "",0
				P: "TranslationMaxY", "bool", "", "",0
				P: "TranslationMaxZ", "bool", "", "",0
				P: "RotationOrder", "enum", "", "",0
				P: "RotationSpaceForLimitOnly", "bool", "", "",0
				P: "RotationStiffnessX", "double", "Number", "",0
				P: "RotationStiffnessY", "double", "Number", "",0
				P: "RotationStiffnessZ", "double", "Number", "",0
				P: "AxisLen", "double", "Number", "",10
				P: "PreRotation", "Vector3D", "Vector", "",0,0,0
				P: "PostRotation", "Vector3D", "Vector", "",0,0,0
				P: "RotationActive", "bool", "", "",0
				P: "RotationMin", "Vector3D", "Vector", "",0,0,0
				P: "RotationMax", "Vector3D", "Vector", "",0,0,0
				P: "RotationMinX", "bool", "", "",0
				P: "RotationMinY", "bool", "", "",0
				P: "RotationMinZ", "bool", "", "",0
				P: "RotationMaxX", "bool", "", "",0
				P: "RotationMaxY", "bool", "", "",0
				P: "RotationMaxZ", "bool", "", "",0
				P: "InheritType", "enum", "", "",0
				P: "ScalingActive", "bool", "", "",0
				P: "ScalingMin", "Vector3D", "Vector", "",0,0,0
				P: "ScalingMax", "Vector3D", "Vector", "",1,1,1
				P: "ScalingMinX", "bool", "", "",0
				P: "ScalingMinY", "bool", "", "",0
				P: "ScalingMinZ", "bool", "", "",0
				P: "ScalingMaxX", "bool", "", "",0
				P: "ScalingMaxY", "bool", "", "",0
				P: "ScalingMaxZ", "bool", "", "",0
				P: "GeometricTranslation", "Vector3D", "Vector", "",0,0,0
				P: "GeometricRotation", "Vector3D", "Vector", "",0,0,0
				P: "GeometricScaling", "Vector3D", "Vector", "",1,1,1
				P: "MinDampRangeX", "double", "Number", "",0
				P: "MinDampRangeY", "double", "Number", "",0
				P: "MinDampRangeZ", "double", "Number", "",0
				P: "MaxDampRangeX", "double", "Number", "",0
				P: "MaxDampRangeY", "double", "Number", "",0
				P: "MaxDampRangeZ", "double", "Number", "",0
				P: "MinDampStrengthX", "double", "Number", "",0
				P: "MinDampStrengthY", "double", "Number", "",0
				P: "MinDampStrengthZ", "double", "Number", "",0
				P: "MaxDampStrengthX", "double", "Number", "",0
				P: "MaxDampStrengthY", "double", "Number", "",0
				P: "MaxDampStrengthZ", "double", "Number", "",0
				P: "PreferedAngleX", "double", "Number", "",0
				P: "PreferedAngleY", "double", "Number", "",0
				P: "PreferedAngleZ", "double", "Number", "",0
				P: "LookAtProperty", "object", "", ""
				P: "UpVectorProperty", "object", "", ""
				P: "Show", "bool", "", "",1
				P: "NegativePercentShapeSupport", "bool", "", "",1
				P: "DefaultAttributeIndex", "int", "Integer", "",-1
				P: "Freeze", "bool", "", "",0
				P: "LODBox", "bool", "", "",0
				P: "Lcl Translation", "Lcl Translation", "", "A",0,0,0
				P: "Lcl Rotation", "Lcl Rotation", "", "A",0,0,0
				P: "Lcl Scaling", "Lcl Scaling", "", "A",1,1,1
				P: "Visibility", "Visibility", "", "A",1
				P: "Visibility Inheritance", "Visibility Inheritance", "", "",1
			}
		}
	}
	ObjectType: "Pose" {
		Count: 1
	}
	ObjectType: "AnimationStack" {
		Count: 1
		PropertyTemplate: "FbxAnimStack" {
			Properties70:  {
				P: "Description", "KString", "", "", ""
				P: "LocalStart", "KTime", "Time", "",0
				P: "LocalStop", "KTime", "Time", "",0
				P: "ReferenceStart", "KTime", "Time", "",0
				P: "ReferenceStop", "KTime", "Time", "",0
			}
		}
	}
	ObjectType: "AnimationLayer" {
		Count: 1
		PropertyTemplate: "FbxAnimLayer" {
			Properties70:  {
				P: "Weight", "Number", "", "A",100
				P: "Mute", "bool", "", "",0
				P: "Solo", "bool", "", "",0
				P: "Lock", "bool", "", "",0
				P: "Color", "ColorRGB", "Color", "",0.8,0.8,0.8
				P: "BlendMode", "enum", "", "",0
				P: "RotationAccumulationMode", "enum", "", "",0
				P: "ScaleAccumulationMode", "enum", "", "",0
				P: "BlendModeBypass", "ULongLong", "", "",0
			}
		}
	}
	ObjectType: "AnimationCurveNode" {
		Count: 81
		PropertyTemplate: "FbxAnimCurveNode" {
			Properties70:  {
				P: "d", "Compound", "", ""
			}
		}
	}
	ObjectType: "AnimationCurve" {
		Count: 243
	}
}

; Object properties
;------------------------------------------------------------------

Objects:  {
	NodeAttribute: 2718674625040, "NodeAttribute::", "Null" {
		TypeFlags: "Null"
	}
	NodeAttribute: 2717591900432, "NodeAttribute::spine", "LimbNode" {
		Properties70:  {
			P: "Size", "double", "Number", "",3.07307386398315
		}
		TypeFlags: "Skeleton"
	}
	NodeAttribute: 2717591894864, "NodeAttribute::spine.001", "LimbNode" {
		Properties70:  {
			P: "Size", "double", "Number", "",5.92468929290771
		}
		TypeFlags: "Skeleton"
	}
	NodeAttribute: 2717591894288, "NodeAttribute::spine.002", "LimbNode" {
		Properties70:  {
			P: "Size", "double", "Number", "",1.44307434558868
		}
		TypeFlags: "Skeleton"
	}
	NodeAttribute: 2717591889488, "NodeAttribute::spine.003", "LimbNode" {
		Properties70:  {
			P: "Size", "double", "Number", "",2.28556323051453
		}
		TypeFlags: "Skeleton"
	}
	NodeAttribute: 2717591895440, "NodeAttribute::spine.004", "LimbNode" {
		Properties70:  {
			P: "Size", "double", "Number", "",2.28556323051453
		}
		TypeFlags: "Skeleton"
	}
	NodeAttribute: 2717591895632, "NodeAttribute::spine.005", "LimbNode" {
		Properties70:  {
			P: "Size", "double", "Number", "",10.6969041824341
		}
		TypeFlags: "Skeleton"
	}
	NodeAttribute: 2717591896016, "NodeAttribute::shoulder.L", "LimbNode" {
		Properties70:  {
			P: "Size", "double", "Number", "",4.06424999237061
		}
		TypeFlags: "Skeleton"
	}
	NodeAttribute: 2717591896208, "NodeAttribute::upper_arm.L", "LimbNode" {
		Properties70:  {
			P: "Size", "double", "Number", "",2.30270051956177
		}
		TypeFlags: "Skeleton"
	}
	NodeAttribute: 2717499678880, "NodeAttribute::forearm.L", "LimbNode" {
		Properties70:  {
			P: "Size", "double", "Number", "",2.20601892471313
		}
		TypeFlags: "Skeleton"
	}
	NodeAttribute: 2717447277168, "NodeAttribute::hand.L", "LimbNode" {
		Properties70:  {
			P: "Size", "double", "Number", "",3.17390847206116
		}
		TypeFlags: "Skeleton"
	}
	NodeAttribute: 2717447274096, "NodeAttribute::shoulder.R", "LimbNode" {
		Properties70:  {
			P: "Size", "double", "Number", "",4.02232217788696
		}
		TypeFlags: "Skeleton"
	}
	NodeAttribute: 2717447275440, "NodeAttribute::upper_arm.R", "LimbNode" {
		Properties70:  {
			P: "Size", "double", "Number", "",2.30296659469604
		}
		TypeFlags: "Skeleton"
	}
	NodeAttribute: 2717447273136, "NodeAttribute::forearm.R", "LimbNode" {
		Properties70:  {
			P: "Size", "double", "Number", "",2.23443579673767
		}
		TypeFlags: "Skeleton"
	}
	NodeAttribute: 2717447276400, "NodeAttribute::hand.R", "LimbNode" {
		Properties70:  {
			P: "Size", "double", "Number", "",3.07848525047302
		}
		TypeFlags: "Skeleton"
	}
	NodeAttribute: 2717447274288, "NodeAttribute::pelvis.L", "LimbNode" {
		Properties70:  {
			P: "Size", "double", "Number", "",3.44474768638611
		}
		TypeFlags: "Skeleton"
	}
	NodeAttribute: 2717447275248, "NodeAttribute::pelvis.R", "LimbNode" {
		Properties70:  {
			P: "Size", "double", "Number", "",3.44474768638611
		}
		TypeFlags: "Skeleton"
	}
	NodeAttribute: 2717447278704, "NodeAttribute::thigh.L", "LimbNode" {
		Properties70:  {
			P: "Size", "double", "Number", "",1.75832772254944
		}
		TypeFlags: "Skeleton"
	}
	NodeAttribute: 2717447278896, "NodeAttribute::shin.L", "LimbNode" {
		Properties70:  {
			P: "Size", "double", "Number", "",1.86580634117126
		}
		TypeFlags: "Skeleton"
	}
	NodeAttribute: 2717447273712, "NodeAttribute::foot.L", "LimbNode" {
		Properties70:  {
			P: "Size", "double", "Number", "",2.28556299209595
		}
		TypeFlags: "Skeleton"
	}
	NodeAttribute: 2717447273328, "NodeAttribute::toe.L", "LimbNode" {
		Properties70:  {
			P: "Size", "double", "Number", "",2.28556323051453
		}
		TypeFlags: "Skeleton"
	}
	NodeAttribute: 2717447276208, "NodeAttribute::heel.02.L", "LimbNode" {
		Properties70:  {
			P: "Size", "double", "Number", "",2.28556299209595
		}
		TypeFlags: "Skeleton"
	}
	NodeAttribute: 2717447276784, "NodeAttribute::thigh.R", "LimbNode" {
		Properties70:  {
			P: "Size", "double", "Number", "",1.75832772254944
		}
		TypeFlags: "Skeleton"
	}
	NodeAttribute: 2717447276592, "NodeAttribute::shin.R", "LimbNode" {
		Properties70:  {
			P: "Size", "double", "Number", "",1.86580634117126
		}
		TypeFlags: "Skeleton"
	}
	NodeAttribute: 2717447275632, "NodeAttribute::foot.R", "LimbNode" {
		Properties70:  {
			P: "Size", "double", "Number", "",2.28556299209595
		}
		TypeFlags: "Skeleton"
	}
	NodeAttribute: 2717447279088, "NodeAttribute::toe.R", "LimbNode" {
		Properties70:  {
			P: "Size", "double", "Number", "",2.28556323051453
		}
		TypeFlags: "Skeleton"
	}
	NodeAttribute: 2717447276976, "NodeAttribute::heel.02.R", "LimbNode" {
		Properties70:  {
			P: "Size", "double", "Number", "",2.28556299209595
		}
		TypeFlags: "Skeleton"
	}
	Model: 2718251286464, "Model::BodyArmature", "Null" {
		Version: 232
		Properties70:  {
			P: "RotationActive", "bool", "", "",1
			P: "InheritType", "enum", "", "",1
			P: "ScalingMax", "Vector3D", "Vector", "",0,0,0
			P: "DefaultAttributeIndex", "int", "Integer", "",0
			P: "Lcl Rotation", "Lcl Rotation", "", "A+",-90.0000076293945,-8.65142101247329e-06,8.6514237409574e-06
			P: "Lcl Scaling", "Lcl Scaling", "", "A+",100,100,100
		}
		Shading: Y
		Culling: "CullingOff"
	}
	Model: 2718251308464, "Model::spine", "LimbNode" {
		Version: 232
		Properties70:  {
			P: "RotationActive", "bool", "", "",1
			P: "InheritType", "enum", "", "",1
			P: "ScalingMax", "Vector3D", "Vector", "",0,0,0
			P: "DefaultAttributeIndex", "int", "Integer", "",0
			P: "Lcl Translation", "Lcl Translation", "", "A+",-0.0073395948857069,-0.00509603368118405,0.472696363925934
			P: "Lcl Rotation", "Lcl Rotation", "", "A+",110.652984619141,-2.07293581962585,3.78376722335815
		}
		Shading: Y
		Culling: "CullingOff"
	}
	Model: 2718251280464, "Model::spine.001", "LimbNode" {
		Version: 232
		Properties70:  {
			P: "RotationActive", "bool", "", "",1
			P: "InheritType", "enum", "", "",1
			P: "ScalingMax", "Vector3D", "Vector", "",0,0,0
			P: "DefaultAttributeIndex", "int", "Integer", "",0
			P: "Lcl Translation", "Lcl Translation", "", "A+",3.72529029846191e-09,0.141751885414124,-1.49011611938477e-08
			P: "Lcl Rotation", "Lcl Rotation", "", "A+",-6.89866638183594,10.7990417480469,-4.15206909179688
		}
		Shading: Y
		Culling: "CullingOff"
	}
	Model: 2718251300464, "Model::spine.002", "LimbNode" {
		Version: 232
		Properties70:  {
			P: "RotationActive", "bool", "", "",1
			P: "InheritType", "enum", "", "",1
			P: "ScalingMax", "Vector3D", "Vector", "",0,0,0
			P: "DefaultAttributeIndex", "int", "Integer", "",0
			P: "Lcl Translation", "Lcl Translation", "", "A+",-3.07336449623108e-08,0.245311975479126,-9.68575477600098e-08
			P: "Lcl Rotation", "Lcl Rotation", "", "A+",-9.10566711425781,10.1472778320312,-2.89602661132812
		}
		Shading: Y
		Culling: "CullingOff"
	}
	Model: 2718251292464, "Model::spine.003", "LimbNode" {
		Version: 232
		Properties70:  {
			P: "RotationActive", "bool", "", "",1
			P: "InheritType", "enum", "", "",1
			P: "ScalingMax", "Vector3D", "Vector", "",0,0,0
			P: "DefaultAttributeIndex", "int", "Integer", "",0
			P: "Lcl Translation", "Lcl Translation", "", "A+",0,0.075602799654007,0
			P: "Lcl Rotation", "Lcl Rotation", "", "A+",1.2515059709549,-0,0
		}
		Shading: Y
		Culling: "CullingOff"
	}
	Model: 2718251294464, "Model::spine.004", "LimbNode" {
		Version: 232
		Properties70:  {
			P: "RotationActive", "bool", "", "",1
			P: "InheritType", "enum", "", "",1
			P: "ScalingMax", "Vector3D", "Vector", "",0,0,0
			P: "DefaultAttributeIndex", "int", "Integer", "",0
			P: "Lcl Translation", "Lcl Translation", "", "A+",4.4703483581543e-08,0.13337904214859,-1.30385160446167e-07
			P: "Lcl Rotation", "Lcl Rotation", "", "A+",21.0623626708984,-7.56117248535156,-1.35760498046875
		}
		Shading: Y
		Culling: "CullingOff"
	}
	Model: 2718251302464, "Model::spine.005", "LimbNode" {
		Version: 232
		Properties70:  {
			P: "RotationActive", "bool", "", "",1
			P: "InheritType", "enum", "", "",1
			P: "ScalingMax", "Vector3D", "Vector", "",0,0,0
			P: "DefaultAttributeIndex", "int", "Integer", "",0
			P: "Lcl Translation", "Lcl Translation", "", "A+",-1.11758708953857e-08,0.0458245873451233,-5.96046447753906e-08
			P: "Lcl Rotation", "Lcl Rotation", "", "A+",-31.2081928253174,-18.4431476593018,9.52071285247803
			P: "Lcl Scaling", "Lcl Scaling", "", "A+",1,0.999999821186066,0.999999821186066
		}
		Shading: Y
		Culling: "CullingOff"
	}
	Model: 2718251282464, "Model::shoulder.L", "LimbNode" {
		Version: 232
		Properties70:  {
			P: "RotationActive", "bool", "", "",1
			P: "InheritType", "enum", "", "",1
			P: "ScalingMax", "Vector3D", "Vector", "",0,0,0
			P: "DefaultAttributeIndex", "int", "Integer", "",0
			P: "Lcl Translation", "Lcl Translation", "", "A+",0.0126745123416185,0.0950388312339783,0.0541960708796978
			P: "Lcl Rotation", "Lcl Rotation", "", "A+",-60.9268646240234,-81.3570556640625,-32.7668304443359
			P: "Lcl Scaling", "Lcl Scaling", "", "A+",0.999999821186066,0.999999821186066,1
		}
		Shading: Y
		Culling: "CullingOff"
	}
	Model: 2718251306464, "Model::upper_arm.L", "LimbNode" {
		Version: 232
		Properties70:  {
			P: "RotationActive", "bool", "", "",1
			P: "InheritType", "enum", "", "",1
			P: "ScalingMax", "Vector3D", "Vector", "",0,0,0
			P: "DefaultAttributeIndex", "int", "Integer", "",0
			P: "Lcl Translation", "Lcl Translation", "", "A+",0.000999020412564278,0.234335482120514,-0.0141232013702393
			P: "Lcl Rotation", "Lcl Rotation", "", "A+",-143.204376220703,13.6479644775391,-114.340911865234
			P: "Lcl Scaling", "Lcl Scaling", "", "A+",0.999999821186066,0.999999701976776,0.999999821186066
		}
		Shading: Y
		Culling: "CullingOff"
	}
	Model: 2718251296464, "Model::forearm.L", "LimbNode" {
		Version: 232
		Properties70:  {
			P: "RotationActive", "bool", "", "",1
			P: "InheritType", "enum", "", "",1
			P: "ScalingMax", "Vector3D", "Vector", "",0,0,0
			P: "DefaultAttributeIndex", "int", "Integer", "",0
			P: "Lcl Translation", "Lcl Translation", "", "A+",1.19209289550781e-07,0.20131903886795,1.78813934326172e-07
			P: "Lcl Rotation", "Lcl Rotation", "", "A+",74.2537078857422,-5.64888000488281,-7.3951416015625
			P: "Lcl Scaling", "Lcl Scaling", "", "A+",1,0.999999821186066,1.00000011920929
		}
		Shading: Y
		Culling: "CullingOff"
	}
	Model: 2718383976288, "Model::hand.L", "LimbNode" {
		Version: 232
		Properties70:  {
			P: "RotationActive", "bool", "", "",1
			P: "InheritType", "enum", "", "",1
			P: "ScalingMax", "Vector3D", "Vector", "",0,0,0
			P: "DefaultAttributeIndex", "int", "Integer", "",0
			P: "Lcl Translation", "Lcl Translation", "", "A+",1.19209289550781e-07,0.175703287124634,2.83122062683105e-07
			P: "Lcl Rotation", "Lcl Rotation", "", "A+",22.7868499755859,-12.9080352783203,-0.030517578125
			P: "Lcl Scaling", "Lcl Scaling", "", "A+",0.999999821186066,0.999999821186066,0.999999821186066
		}
		Shading: Y
		Culling: "CullingOff"
	}
	Model: 2718383988288, "Model::shoulder.R", "LimbNode" {
		Version: 232
		Properties70:  {
			P: "RotationActive", "bool", "", "",1
			P: "InheritType", "enum", "", "",1
			P: "ScalingMax", "Vector3D", "Vector", "",0,0,0
			P: "DefaultAttributeIndex", "int", "Integer", "",0
			P: "Lcl Translation", "Lcl Translation", "", "A+",-0.0126744713634253,0.0950388312339783,0.0541960783302784
			P: "Lcl Rotation", "Lcl Rotation", "", "A+",-75.0889587402344,60.7101974487305,19.1968307495117
			P: "Lcl Scaling", "Lcl Scaling", "", "A+",0.999999821186066,0.999999821186066,1
		}
		Shading: Y
		Culling: "CullingOff"
	}
	Model: 2718383982288, "Model::upper_arm.R", "LimbNode" {
		Version: 232
		Properties70:  {
			P: "RotationActive", "bool", "", "",1
			P: "InheritType", "enum", "", "",1
			P: "ScalingMax", "Vector3D", "Vector", "",0,0,0
			P: "DefaultAttributeIndex", "int", "Integer", "",0
			P: "Lcl Translation", "Lcl Translation", "", "A+",-0.000999271869659424,0.234335482120514,-0.0141229629516602
			P: "Lcl Rotation", "Lcl Rotation", "", "A+",-80.1889114379883,-31.3353500366211,130.562149047852
			P: "Lcl Scaling", "Lcl Scaling", "", "A+",0.999999821186066,0.999999701976776,0.999999821186066
		}
		Shading: Y
		Culling: "CullingOff"
	}
	Model: 2718383994288, "Model::forearm.R", "LimbNode" {
		Version: 232
		Properties70:  {
			P: "RotationActive", "bool", "", "",1
			P: "InheritType", "enum", "", "",1
			P: "ScalingMax", "Vector3D", "Vector", "",0,0,0
			P: "DefaultAttributeIndex", "int", "Integer", "",0
			P: "Lcl Translation", "Lcl Translation", "", "A+",-5.96046447753906e-08,0.201318979263306,1.52736902236938e-07
			P: "Lcl Rotation", "Lcl Rotation", "", "A+",61.4441223144531,7.23427104949951,6.74581003189087
			P: "Lcl Scaling", "Lcl Scaling", "", "A+",1,0.999999821186066,1.00000011920929
		}
		Shading: Y
		Culling: "CullingOff"
	}
	Model: 2718383984288, "Model::hand.R", "LimbNode" {
		Version: 232
		Properties70:  {
			P: "RotationActive", "bool", "", "",1
			P: "InheritType", "enum", "", "",1
			P: "ScalingMax", "Vector3D", "Vector", "",0,0,0
			P: "DefaultAttributeIndex", "int", "Integer", "",0
			P: "Lcl Translation", "Lcl Translation", "", "A+",-5.96046447753906e-08,0.175703346729279,2.38418579101562e-07
			P: "Lcl Rotation", "Lcl Rotation", "", "A+",-1.03102111816406,-14.43310546875,-13.8327026367188
			P: "Lcl Scaling", "Lcl Scaling", "", "A+",0.999999821186066,0.999999821186066,0.999999821186066
		}
		Shading: Y
		Culling: "CullingOff"
	}
	Model: 2718383972288, "Model::pelvis.L", "LimbNode" {
		Version: 232
		Properties70:  {
			P: "RotationActive", "bool", "", "",1
			P: "InheritType", "enum", "", "",1
			P: "ScalingMax", "Vector3D", "Vector", "",0,0,0
			P: "DefaultAttributeIndex", "int", "Integer", "",0
			P: "Lcl Translation", "Lcl Translation", "", "A+",0,-1.44354999065399e-08,0
			P: "Lcl Rotation", "Lcl Rotation", "", "A+",124.899391174316,-73.7004776000977,175.630661010742
			P: "Lcl Scaling", "Lcl Scaling", "", "A+",0.999999821186066,1,1.00000011920929
		}
		Shading: Y
		Culling: "CullingOff"
	}
	Model: 2718383992288, "Model::pelvis.R", "LimbNode" {
		Version: 232
		Properties70:  {
			P: "RotationActive", "bool", "", "",1
			P: "InheritType", "enum", "", "",1
			P: "ScalingMax", "Vector3D", "Vector", "",0,0,0
			P: "DefaultAttributeIndex", "int", "Integer", "",0
			P: "Lcl Translation", "Lcl Translation", "", "A+",0,-1.44354999065399e-08,0
			P: "Lcl Rotation", "Lcl Rotation", "", "A+",124.899345397949,73.7005004882812,-175.630676269531
			P: "Lcl Scaling", "Lcl Scaling", "", "A+",0.999999821186066,1,1.00000011920929
		}
		Shading: Y
		Culling: "CullingOff"
	}
	Model: 2718383964288, "Model::thigh.L", "LimbNode" {
		Version: 232
		Properties70:  {
			P: "RotationActive", "bool", "", "",1
			P: "InheritType", "enum", "", "",1
			P: "ScalingMax", "Vector3D", "Vector", "",0,0,0
			P: "DefaultAttributeIndex", "int", "Integer", "",0
			P: "Lcl Translation", "Lcl Translation", "", "A+",0.170170992612839,0.0477659702301025,0.0211420506238937
			P: "Lcl Rotation", "Lcl Rotation", "", "A+",118.246894836426,-2.76776123046875,-8.54820251464844
			P: "Lcl Scaling", "Lcl Scaling", "", "A+",1,1,1.00000011920929
		}
		Shading: Y
		Culling: "CullingOff"
	}
	Model: 2718383966288, "Model::shin.L", "LimbNode" {
		Version: 232
		Properties70:  {
			P: "RotationActive", "bool", "", "",1
			P: "InheritType", "enum", "", "",1
			P: "ScalingMax", "Vector3D", "Vector", "",0,0,0
			P: "DefaultAttributeIndex", "int", "Integer", "",0
			P: "Lcl Translation", "Lcl Translation", "", "A+",0,0.28579181432724,0
			P: "Lcl Rotation", "Lcl Rotation", "", "A+",58.2755432128906,4.14631495004869e-06,8.97982499736827e-06
		}
		Shading: Y
		Culling: "CullingOff"
	}
	Model: 2718383978288, "Model::foot.L", "LimbNode" {
		Version: 232
		Properties70:  {
			P: "RotationActive", "bool", "", "",1
			P: "InheritType", "enum", "", "",1
			P: "ScalingMax", "Vector3D", "Vector", "",0,0,0
			P: "DefaultAttributeIndex", "int", "Integer", "",0
			P: "Lcl Translation", "Lcl Translation", "", "A+",-5.96046447753906e-08,0.256811201572418,-8.94069671630859e-08
			P: "Lcl Rotation", "Lcl Rotation", "", "A+",-74.8277206420898,-2.01112365722656,-6.60125732421875
		}
		Shading: Y
		Culling: "CullingOff"
	}
	Model: 2718383970288, "Model::toe.L", "LimbNode" {
		Version: 232
		Properties70:  {
			P: "RotationActive", "bool", "", "",1
			P: "InheritType", "enum", "", "",1
			P: "ScalingMax", "Vector3D", "Vector", "",0,0,0
			P: "DefaultAttributeIndex", "int", "Integer", "",0
			P: "Lcl Translation", "Lcl Translation", "", "A+",2.23517417907715e-08,0.0895148366689682,-8.94069671630859e-08
			P: "Lcl Rotation", "Lcl Rotation", "", "A+",-147.957748413086,4.72106839879416e-05,179.999984741211
			P: "Lcl Scaling", "Lcl Scaling", "", "A+",1,0.999999821186066,0.999999821186066
		}
		Shading: Y
		Culling: "CullingOff"
	}
	Model: 2718383986288, "Model::heel.02.L", "LimbNode" {
		Version: 232
		Properties70:  {
			P: "RotationActive", "bool", "", "",1
			P: "InheritType", "enum", "", "",1
			P: "ScalingMax", "Vector3D", "Vector", "",0,0,0
			P: "DefaultAttributeIndex", "int", "Integer", "",0
			P: "Lcl Translation", "Lcl Translation", "", "A+",-0.0263186004012823,0.0138312000781298,0.0609415993094444
			P: "Lcl Rotation", "Lcl Rotation", "", "A+",179.999954223633,32.0053062438965,89.9999542236328
			P: "Lcl Scaling", "Lcl Scaling", "", "A+",0.999999821186066,0.999999701976776,0.999999821186066
		}
		Shading: Y
		Culling: "CullingOff"
	}
	Model: 2718383974288, "Model::thigh.R", "LimbNode" {
		Version: 232
		Properties70:  {
			P: "RotationActive", "bool", "", "",1
			P: "InheritType", "enum", "", "",1
			P: "ScalingMax", "Vector3D", "Vector", "",0,0,0
			P: "DefaultAttributeIndex", "int", "Integer", "",0
			P: "Lcl Translation", "Lcl Translation", "", "A+",-0.170170933008194,0.0477660596370697,0.0211421251296997
			P: "Lcl Rotation", "Lcl Rotation", "", "A+",-173.888626098633,-16.8628902435303,1.46366310119629
			P: "Lcl Scaling", "Lcl Scaling", "", "A+",1,1,1.00000011920929
		}
		Shading: Y
		Culling: "CullingOff"
	}
	Model: 2718383990288, "Model::shin.R", "LimbNode" {
		Version: 232
		Properties70:  {
			P: "RotationActive", "bool", "", "",1
			P: "InheritType", "enum", "", "",1
			P: "ScalingMax", "Vector3D", "Vector", "",0,0,0
			P: "DefaultAttributeIndex", "int", "Integer", "",0
			P: "Lcl Translation", "Lcl Translation", "", "A+",1.49011611938477e-08,0.285791844129562,-1.63912773132324e-07
			P: "Lcl Rotation", "Lcl Rotation", "", "A+",36.6553039550781,7.01670912670559e-15,-7.01670912670559e-15
		}
		Shading: Y
		Culling: "CullingOff"
	}
	Model: 2718383980288, "Model::foot.R", "LimbNode" {
		Version: 232
		Properties70:  {
			P: "RotationActive", "bool", "", "",1
			P: "InheritType", "enum", "", "",1
			P: "ScalingMax", "Vector3D", "Vector", "",0,0,0
			P: "DefaultAttributeIndex", "int", "Integer", "",0
			P: "Lcl Translation", "Lcl Translation", "", "A+",-1.49011611938477e-08,0.256811141967773,-1.49011611938477e-08
			P: "Lcl Rotation", "Lcl Rotation", "", "A+",-92.9106597900391,-1.63748168945312,-0.871002197265625
		}
		Shading: Y
		Culling: "CullingOff"
	}
	Model: 2718383968288, "Model::toe.R", "LimbNode" {
		Version: 232
		Properties70:  {
			P: "RotationActive", "bool", "", "",1
			P: "InheritType", "enum", "", "",1
			P: "ScalingMax", "Vector3D", "Vector", "",0,0,0
			P: "DefaultAttributeIndex", "int", "Integer", "",0
			P: "Lcl Translation", "Lcl Translation", "", "A+",-1.49011611938477e-08,0.0895147621631622,-2.98023223876953e-08
			P: "Lcl Rotation", "Lcl Rotation", "", "A+",-147.994583129883,-1.94272142834961e-05,180
			P: "Lcl Scaling", "Lcl Scaling", "", "A+",1,0.999999821186066,0.999999821186066
		}
		Shading: Y
		Culling: "CullingOff"
	}
	Model: 2718206437456, "Model::heel.02.R", "LimbNode" {
		Version: 232
		Properties70:  {
			P: "RotationActive", "bool", "", "",1
			P: "InheritType", "enum", "", "",1
			P: "ScalingMax", "Vector3D", "Vector", "",0,0,0
			P: "DefaultAttributeIndex", "int", "Integer", "",0
			P: "Lcl Translation", "Lcl Translation", "", "A+",0.0263186004012823,0.0138312000781298,0.0609415993094444
			P: "Lcl Rotation", "Lcl Rotation", "", "A+",179.999954223633,-32.0053100585938,-89.9999465942383
			P: "Lcl Scaling", "Lcl Scaling", "", "A+",0.999999821186066,0.999999701976776,0.999999821186066
		}
		Shading: Y
		Culling: "CullingOff"
	}
	Pose: 2718674631904, "Pose::BindPose", "BindPose" {
		Type: "BindPose"
		Version: 100
		NbPoseNodes: 27
		PoseNode:  {
			Node: 2718251286464
			Matrix: *16 {
				a: 99.9999999999977,1.50995829264909e-05,1.5099578164388e-05,0,1.50995801750188e-05,-1.33158031721726e-05,-99.999999999998,0,-1.50995809158605e-05,99.999999999998,-1.3315805452146e-05,0,0,0,0,1
			} 
		}
		PoseNode:  {
			Node: 2718206437456
			Matrix: *16 {
				a: 7.90425120023031e-07,-0.847998829019346,0.529997762592784,0,-0.999999701976417,-5.08665328358138e-07,6.77507165175451e-07,0,-3.04933887654291e-07,-0.52999776259313,-0.847998829019444,0,0.0263186004012823,0.0138312000781298,0.0609415993094444,1
			} 
		}
		PoseNode:  {
			Node: 2718383968288
			Matrix: *16 {
				a: -0.999999999999942,1.2490009027033e-16,3.39068853771884e-07,0,-1.79706269753943e-07,0.847997840989647,-0.529999343442073,0,-2.87529655945695e-07,-0.529999343442103,-0.847997840989599,0,-1.49011611660921e-08,0.0895147621631622,-2.98023224154509e-08,1
			} 
		}
		PoseNode:  {
			Node: 2718383980288
			Matrix: *16 {
				a: 0.999476136598589,-0.0151950629646296,0.0285755565380519,0,0.0277634929460985,-0.0512067064715521,-0.998302089385657,0,0.0166325232418416,0.998572472719851,-0.0507580131286907,0,-1.49011612216032e-08,0.256811141967773,-1.49011612216032e-08,1
			} 
		}
		PoseNode:  {
			Node: 2718383990288
			Matrix: *16 {
				a: 1,-1.11022302462516e-16,-1.38777878078145e-16,0,2.22044604925031e-16,0.802241603519411,0.596999505512865,0,4.16333634234434e-17,-0.596999505512865,0.80224160351941,0,1.49011611660921e-08,0.285791844129562,-1.6391277316008e-07,1
			} 
		}
		PoseNode:  {
			Node: 2718383974288
			Matrix: *16 {
				a: 0.956689422099969,0.0244446571180744,0.2900824165309,0,0.0562703174739375,-0.993203576448204,-0.101883792145165,0,0.285620413246953,0.113794189465835,-0.951562977631563,0,-0.170170933008194,0.0477660596370697,0.0211421251296997,1
			} 
		}
		PoseNode:  {
			Node: 2718383986288
			Matrix: *16 {
				a: 6.77507274046696e-07,0.847998864306177,-0.529997706133846,0,0.999999701976476,-3.75507358783833e-07,6.77507193319604e-07,0,3.75507403625967e-07,-0.529997706134146,-0.847998864306177,0,-0.0263186004012823,0.0138312000781298,0.0609415993094444,1
			} 
		}
		PoseNode:  {
			Node: 2718383970288
			Matrix: *16 {
				a: -0.999999999999625,2.66316108853137e-07,-8.23981877715041e-07,0,6.62903668374737e-07,0.847656936038515,-0.5305444007409,0,5.57161433444096e-07,-0.530544400741247,-0.847656936038374,0,2.23517417768937e-08,0.0895148366689682,-8.94069671630859e-08,1
			} 
		}
		PoseNode:  {
			Node: 2718383978288
			Matrix: *16 {
				a: 0.992758359484013,-0.114888138521096,0.0350935222194825,0,0.0637330395308919,0.256093410872392,-0.964548736238817,0,0.10182798901464,0.959800437869718,0.261561044726336,0,-5.96046447753906e-08,0.256811201572418,-8.94069671630859e-08,1
			} 
		}
		PoseNode:  {
			Node: 2718383966288
			Matrix: *16 {
				a: 0.999999999999985,1.5672751241258e-07,-7.23668477156658e-08,0,-2.08584952816893e-08,0.525834773154038,0.850586733579852,0,1.71363347831188e-07,-0.850586733579838,0.525834773154033,0,1.38777878078145e-17,0.28579181432724,5.55111512312578e-17,1
			} 
		}
		PoseNode:  {
			Node: 2718383964288
			Matrix: *16 {
				a: 0.987737586914947,-0.148468015129585,0.0482877611711206,0,-0.112412744877652,-0.461691594312697,0.879888769407856,0,-0.1083412986032,-0.874527473877506,-0.472719894725188,0,0.170170992612839,0.0477659702301025,0.0211420506238937,1
			} 
		}
		PoseNode:  {
			Node: 2718383992288
			Matrix: *16 {
				a: -0.279842593263407,-0.0213820048820456,-0.95980757198253,0,-0.828494890396666,0.510501137101357,0.230184286181392,0,0.485061199924159,0.859611292909142,-0.160574891716614,0,0,-1.44354999065399e-08,0,1
			} 
		}
		PoseNode:  {
			Node: 2718383972288
			Matrix: *16 {
				a: -0.279842969872987,0.0213821086195348,0.959807459866724,0,0.828494547127003,0.510501610250124,0.230184472353922,0,-0.485061568961237,0.859611009337582,-0.16057529498986,0,0,-1.44354999065399e-08,0,1
			} 
		}
		PoseNode:  {
			Node: 2718383984288
			Matrix: *16 {
				a: 0.940352436775817,-0.231541896356495,0.249249447850111,0,0.243403818774461,0.9697683039473,-0.0174258439494557,0,-0.23767944384813,0.0770547160333458,0.968282342646621,0,-5.96046447753906e-08,0.175703346729279,2.3841857899054e-07,1
			} 
		}
		PoseNode:  {
			Node: 2718383994288
			Matrix: *16 {
				a: 0.985171716104453,0.116529703614813,-0.125926637226808,0,0.0536920942175435,0.487698757825452,0.87135912401616,0,0.162953533580248,-0.865199886270382,0.474210439688988,0,-5.96046447753906e-08,0.201318979263306,1.52736902209183e-07,1
			} 
		}
		PoseNode:  {
			Node: 2718383982288
			Matrix: *16 {
				a: -0.555422427854009,0.648889531123251,0.520046099310022,0,-0.462679023771673,0.27849493231534,-0.84164606432277,0,-0.690965729202167,-0.708083733010348,0.145545286720016,0,-0.000999271869659396,0.234335482120514,-0.0141229629516602,1
			} 
		}
		PoseNode:  {
			Node: 2718383988288
			Matrix: *16 {
				a: 0.462023455555066,0.160864935094602,-0.872156202492495,0,-0.880534265450126,-0.0341100917282109,-0.472753161155655,0,-0.105798772490006,0.986386823020601,0.125887470031503,0,-0.0126744713634253,0.0950388312339783,0.0541960783302784,1
			} 
		}
		PoseNode:  {
			Node: 2718383976288
			Matrix: *16 {
				a: 0.974729562989502,-0.000519172418196559,0.223386776391214,0,-0.0860275181299953,0.921997853435838,0.37751671056559,0,-0.206158161446136,-0.387194177502543,0.898654062334023,0,1.19209289606292e-07,0.175703287124634,2.83122062710861e-07,1
			} 
		}
		PoseNode:  {
			Node: 2718251296464
			Matrix: *16 {
				a: 0.986866261819353,-0.128086456968017,0.0984319095825953,0,-0.0590205091757114,0.281314687408139,0.957798657608823,0,-0.150371423231222,-0.951028965661401,0.270060326532825,0,1.19209289606292e-07,0.20131903886795,1.7881393421515e-07,1
			} 
		}
		PoseNode:  {
			Node: 2718251306464
			Matrix: *16 {
				a: -0.400526997731154,-0.885382796208801,-0.235955653965139,0,-0.671344498374887,0.458817983412301,-0.582049848855649,0,0.623597805886368,-0.0747191706101287,-0.77816609050331,0,0.000999020412564278,0.234335482120514,-0.0141232013702393,1
			} 
		}
		PoseNode:  {
			Node: 2718251282464
			Matrix: *16 {
				a: 0.126364401787479,-0.0813328009567217,0.988643846803079,0,0.989576696603687,-0.0590507937142855,-0.13134156871612,0,0.0690626062189086,0.994936166614463,0.0730231523886084,0,0.0126745123416185,0.0950388312339783,0.0541960708796978,1
			} 
		}
		PoseNode:  {
			Node: 2718251302464
			Matrix: *16 {
				a: 0.935571374632964,0.156908663156094,0.316363516218216,0,0.0201970910683908,0.870622777771642,-0.491536060436799,0,-0.352559549411658,0.466256690492303,0.811360650427402,0,-1.11758708953857e-08,0.0458245873451233,-5.96046447753906e-08,1
			} 
		}
		PoseNode:  {
			Node: 2718251294464
			Matrix: *16 {
				a: 0.991026673596016,-0.0234864523391073,0.131584644916261,0,-0.0251665634446773,0.934048264218232,0.356259012791666,0,-0.131273669506115,-0.356373717700156,0.925075670973445,0,4.47034835780735e-08,0.13337904214859,-1.30385160446167e-07,1
			} 
		}
		PoseNode:  {
			Node: 2718251292464
			Matrix: *16 {
				a: 1,0,0,0,0,0.999761453348817,0.0218411629237086,0,-5.55111512312578e-17,-0.0218411629237086,0.999761453348817,0,0,0.0756027996540068,0,1
			} 
		}
		PoseNode:  {
			Node: 2718251300464
			Matrix: *16 {
				a: 0.983100980431611,-0.0497333957364265,-0.176179032869776,0,0.0220412552272056,0.987545784136957,-0.155780317438795,0,0.181732345339004,0.149264575776862,0.971953415074888,0,-3.07336449605761e-08,0.245311975479126,-9.68575477738876e-08,1
			} 
		}
		PoseNode:  {
			Node: 2718251280464
			Matrix: *16 {
				a: 0.979712261028839,-0.071121621387031,-0.187364886147434,0,0.0494336433839957,0.991783991486982,-0.117986563353352,0,0.19421689033538,0.106330753789439,0.975178737620455,0,3.72529029499247e-09,0.141751885414124,-1.49011611660921e-08,1
			} 
		}
		PoseNode:  {
			Node: 2718251308464
			Matrix: *16 {
				a: 0.997167222418936,0.065948020002504,0.0361716628184806,0,-0.0104976984639037,-0.354171902599335,0.935121415505029,0,0.0744803924550984,-0.93285214373282,-0.352476309945531,0,-0.0073395948857069,-0.00509603368118405,0.472696363925934,1
			} 
		}
	}
	AnimationStack: 2718324464240, "AnimStack::loop-fast-walk", "" {
	}
	AnimationCurve: 2718678690448, "AnimCurve::", "" {
		Default: 0
		KeyVer: 4009
		KeyTime: *5 {
			a: 0,6927923700,14625616700,22323309700,30021002700
		} 
		KeyValueFloat: *5 {
			a: 0,0,0,0,0
		} 
		;KeyAttrFlags: Cubic|TangeantAuto|GenericTimeIndependent, Cubic|TangeantAuto|GenericTimeIndependent, Cubic|TangeantAuto|GenericTimeIndependent, Cubic|TangeantAuto|GenericTimeIndependent, Cubic|TangeantAuto|GenericTimeIndependent
		KeyAttrFlags: *5 {
			a: 8456,8456,8456,8456,8456
		} 
		;KeyAttrDataFloat: RightAuto:0, NextLeftAuto:0; RightAuto:0, NextLeftAuto:0; RightAuto:0, NextLeftAuto:0; RightAuto:0, NextLeftAuto:0; RightAuto:0, NextLeftAuto:0
		KeyAttrDataFloat: *20 {
			a: 0,0,218434821,0,0,0,218434821,0,0,0,218434821,0,0,0,218434821,0,0,0,218434821,0
		} 
		KeyAttrRefCount: *5 {
			a: 1,1,1,1,1
		} 
	}
	AnimationCurve: 2718678690608, "AnimCurve::", "" {
		Default: 0
		KeyVer: 4009
		KeyTime: *5 {
			a: 0,6927923700,14625616700,22323309700,30021002700
		} 
		KeyValueFloat: *5 {
			a: 0,0,0,0,0
		} 
		;KeyAttrFlags: Cubic|TangeantAuto|GenericTimeIndependent, Cubic|TangeantAuto|GenericTimeIndependent, Cubic|TangeantAuto|GenericTimeIndependent, Cubic|TangeantAuto|GenericTimeIndependent, Cubic|TangeantAuto|GenericTimeIndependent
		KeyAttrFlags: *5 {
			a: 8456,8456,8456,8456,8456
		} 
		;KeyAttrDataFloat: RightAuto:0, NextLeftAuto:0; RightAuto:0, NextLeftAuto:0; RightAuto:0, NextLeftAuto:0; RightAuto:0, NextLeftAuto:0; RightAuto:0, NextLeftAuto:0
		KeyAttrDataFloat: *20 {
			a: 0,0,218434821,0,0,0,218434821,0,0,0,218434821,0,0,0,218434821,0,0,0,218434821,0
		} 
		KeyAttrRefCount: *5 {
			a: 1,1,1,1,1
		} 
	}
	AnimationCurve: 2718678695568, "AnimCurve::", "" {
		Default: 0
		KeyVer: 4009
		KeyTime: *5 {
			a: 0,6927923700,14625616700,22323309700,30021002700
		} 
		KeyValueFloat: *5 {
			a: 0,0,0,0,0
		} 
		;KeyAttrFlags: Cubic|TangeantAuto|GenericTimeIndependent, Cubic|TangeantAuto|GenericTimeIndependent, Cubic|TangeantAuto|GenericTimeIndependent, Cubic|TangeantAuto|GenericTimeIndependent, Cubic|TangeantAuto|GenericTimeIndependent
		KeyAttrFlags: *5 {
			a: 8456,8456,8456,8456,8456
		} 
		;KeyAttrDataFloat: RightAuto:0, NextLeftAuto:0; RightAuto:0, NextLeftAuto:0; RightAuto:0, NextLeftAuto:0; RightAuto:0, NextLeftAuto:0; RightAuto:0, NextLeftAuto:0
		KeyAttrDataFloat: *20 {
			a: 0,0,218434821,0,0,0,218434821,0,0,0,218434821,0,0,0,218434821,0,0,0,218434821,0
		} 
		KeyAttrRefCount: *5 {
			a: 1,1,1,1,1
		} 
	}
	AnimationCurve: 2718678689488, "AnimCurve::", "" {
		Default: -90.0000076293945
		KeyVer: 4009
		KeyTime: *5 {
			a: 0,6927923700,14625616700,22323309700,30021002700
		} 
		KeyValueFloat: *5 {
			a: -90.00001,-90.00001,-90.00001,-90.00001,-90.00001
		} 
		;KeyAttrFlags: Cubic|TangeantAuto|GenericTimeIndependent, Cubic|TangeantAuto|GenericTimeIndependent, Cubic|TangeantAuto|GenericTimeIndependent, Cubic|TangeantAuto|GenericTimeIndependent, Cubic|TangeantAuto|GenericTimeIndependent
		KeyAttrFlags: *5 {
			a: 8456,8456,8456,8456,8456
		} 
		;KeyAttrDataFloat: RightAuto:0, NextLeftAuto:0; RightAuto:0, NextLeftAuto:0; RightAuto:0, NextLeftAuto:0; RightAuto:0, NextLeftAuto:0; RightAuto:0, NextLeftAuto:0
		KeyAttrDataFloat: *20 {
			a: 0,0,218434821,0,0,0,218434821,0,0,0,218434821,0,0,0,218434821,0,0,0,218434821,0
		} 
		KeyAttrRefCount: *5 {
			a: 1,1,1,1,1
		} 
	}
	AnimationCurve: 2718678689648, "AnimCurve::", "" {
		Default: -8.65142101247329e-06
		KeyVer: 4009
		KeyTime: *5 {
			a: 0,6927923700,14625616700,22323309700,30021002700
		} 
		KeyValueFloat: *5 {
