; FBX 7.7.0 project file
; ----------------------------------------------------

FBXHeaderExtension:  {
	FBXHeaderVersion: 1004
	FBXVersion: 7700
	CreationTimeStamp:  {
		Version: 1000
		Year: 2023
		Month: 7
		Day: 16
		Hour: 15
		Minute: 21
		Second: 49
		Millisecond: 861
	}
	Creator: "FBX SDK/FBX Plugins version 2020.2"
	OtherFlags:  {
		TCDefinition: 127
	}
	SceneInfo: "SceneInfo::GlobalInfo", "UserData" {
		Type: "UserData"
		Version: 100
		MetaData:  {
			Version: 100
			Title: ""
			Subject: ""
			Author: ""
			Keywords: ""
			Revision: ""
			Comment: ""
		}
		Properties70:  {
			P: "DocumentUrl", "KString", "Url", "", "C:\Users\patri\Documents\work-folder\game-dev\Unity\Custard-Fall\Assets\Animations\Player\loop-idle.fbx"
			P: "SrcDocumentUrl", "KString", "Url", "", "C:\Users\patri\Documents\work-folder\game-dev\Unity\Custard-Fall\Assets\Animations\Player\loop-idle.fbx"
			P: "Original", "Compound", "", ""
			P: "Original|ApplicationVendor", "KString", "", "", ""
			P: "Original|ApplicationName", "KString", "", "", ""
			P: "Original|ApplicationVersion", "KString", "", "", ""
			P: "Original|DateTime_GMT", "DateTime", "", "", ""
			P: "Original|FileName", "KString", "", "", ""
			P: "LastSaved", "Compound", "", ""
			P: "LastSaved|ApplicationVendor", "KString", "", "", ""
			P: "LastSaved|ApplicationName", "KString", "", "", ""
			P: "LastSaved|ApplicationVersion", "KString", "", "", ""
			P: "LastSaved|DateTime_GMT", "DateTime", "", "", ""
		}
	}
}
GlobalSettings:  {
	Version: 1000
	Properties70:  {
		P: "UpAxis", "int", "Integer", "",1
		P: "UpAxisSign", "int", "Integer", "",1
		P: "FrontAxis", "int", "Integer", "",2
		P: "FrontAxisSign", "int", "Integer", "",1
		P: "CoordAxis", "int", "Integer", "",0
		P: "CoordAxisSign", "int", "Integer", "",1
		P: "OriginalUpAxis", "int", "Integer", "",-1
		P: "OriginalUpAxisSign", "int", "Integer", "",1
		P: "UnitScaleFactor", "double", "Number", "",1
		P: "OriginalUnitScaleFactor", "double", "Number", "",1
		P: "AmbientColor", "ColorRGB", "Color", "",0,0,0
		P: "DefaultCamera", "KString", "", "", "Producer Perspective"
		P: "TimeMode", "enum", "", "",3
		P: "TimeProtocol", "enum", "", "",2
		P: "SnapOnFrameMode", "enum", "", "",0
		P: "TimeSpanStart", "KTime", "Time", "",0
		P: "TimeSpanStop", "KTime", "Time", "",46186158000
		P: "CustomFrameRate", "double", "Number", "",-1
		P: "TimeMarker", "Compound", "", ""
		P: "CurrentTimeMarker", "int", "Integer", "",-1
	}
}

; Documents Description
;------------------------------------------------------------------

Documents:  {
	Count: 1
	Document: 1897276633264, "myScene", "Scene" {
		Properties70:  {
			P: "SourceObject", "object", "", ""
			P: "ActiveAnimStackName", "KString", "", "", ""
		}
		RootNode: 0
	}
}

; Document References
;------------------------------------------------------------------

References:  {
}

; Object definitions
;------------------------------------------------------------------

Definitions:  {
	Version: 100
	Count: 382
	ObjectType: "GlobalSettings" {
		Count: 1
	}
	ObjectType: "NodeAttribute" {
		Count: 27
		PropertyTemplate: "FbxNull" {
			Properties70:  {
				P: "Color", "ColorRGB", "Color", "",0.8,0.8,0.8
				P: "Size", "double", "Number", "",100
				P: "Look", "enum", "", "",1
			}
		}
	}
	ObjectType: "Model" {
		Count: 27
		PropertyTemplate: "FbxNode" {
			Properties70:  {
				P: "QuaternionInterpolate", "enum", "", "",0
				P: "RotationOffset", "Vector3D", "Vector", "",0,0,0
				P: "RotationPivot", "Vector3D", "Vector", "",0,0,0
				P: "ScalingOffset", "Vector3D", "Vector", "",0,0,0
				P: "ScalingPivot", "Vector3D", "Vector", "",0,0,0
				P: "TranslationActive", "bool", "", "",0
				P: "TranslationMin", "Vector3D", "Vector", "",0,0,0
				P: "TranslationMax", "Vector3D", "Vector", "",0,0,0
				P: "TranslationMinX", "bool", "", "",0
				P: "TranslationMinY", "bool", "", "",0
				P: "TranslationMinZ", "bool", "", "",0
				P: "TranslationMaxX", "bool", "", "",0
				P: "TranslationMaxY", "bool", "", "",0
				P: "TranslationMaxZ", "bool", "", "",0
				P: "RotationOrder", "enum", "", "",0
				P: "RotationSpaceForLimitOnly", "bool", "", "",0
				P: "RotationStiffnessX", "double", "Number", "",0
				P: "RotationStiffnessY", "double", "Number", "",0
				P: "RotationStiffnessZ", "double", "Number", "",0
				P: "AxisLen", "double", "Number", "",10
				P: "PreRotation", "Vector3D", "Vector", "",0,0,0
				P: "PostRotation", "Vector3D", "Vector", "",0,0,0
				P: "RotationActive", "bool", "", "",0
				P: "RotationMin", "Vector3D", "Vector", "",0,0,0
				P: "RotationMax", "Vector3D", "Vector", "",0,0,0
				P: "RotationMinX", "bool", "", "",0
				P: "RotationMinY", "bool", "", "",0
				P: "RotationMinZ", "bool", "", "",0
				P: "RotationMaxX", "bool", "", "",0
				P: "RotationMaxY", "bool", "", "",0
				P: "RotationMaxZ", "bool", "", "",0
				P: "InheritType", "enum", "", "",0
				P: "ScalingActive", "bool", "", "",0
				P: "ScalingMin", "Vector3D", "Vector", "",0,0,0
				P: "ScalingMax", "Vector3D", "Vector", "",1,1,1
				P: "ScalingMinX", "bool", "", "",0
				P: "ScalingMinY", "bool", "", "",0
				P: "ScalingMinZ", "bool", "", "",0
				P: "ScalingMaxX", "bool", "", "",0
				P: "ScalingMaxY", "bool", "", "",0
				P: "ScalingMaxZ", "bool", "", "",0
				P: "GeometricTranslation", "Vector3D", "Vector", "",0,0,0
				P: "GeometricRotation", "Vector3D", "Vector", "",0,0,0
				P: "GeometricScaling", "Vector3D", "Vector", "",1,1,1
				P: "MinDampRangeX", "double", "Number", "",0
				P: "MinDampRangeY", "double", "Number", "",0
				P: "MinDampRangeZ", "double", "Number", "",0
				P: "MaxDampRangeX", "double", "Number", "",0
				P: "MaxDampRangeY", "double", "Number", "",0
				P: "MaxDampRangeZ", "double", "Number", "",0
				P: "MinDampStrengthX", "double", "Number", "",0
				P: "MinDampStrengthY", "double", "Number", "",0
				P: "MinDampStrengthZ", "double", "Number", "",0
				P: "MaxDampStrengthX", "double", "Number", "",0
				P: "MaxDampStrengthY", "double", "Number", "",0
				P: "MaxDampStrengthZ", "double", "Number", "",0
				P: "PreferedAngleX", "double", "Number", "",0
				P: "PreferedAngleY", "double", "Number", "",0
				P: "PreferedAngleZ", "double", "Number", "",0
				P: "LookAtProperty", "object", "", ""
				P: "UpVectorProperty", "object", "", ""
				P: "Show", "bool", "", "",1
				P: "NegativePercentShapeSupport", "bool", "", "",1
				P: "DefaultAttributeIndex", "int", "Integer", "",-1
				P: "Freeze", "bool", "", "",0
				P: "LODBox", "bool", "", "",0
				P: "Lcl Translation", "Lcl Translation", "", "A",0,0,0
				P: "Lcl Rotation", "Lcl Rotation", "", "A",0,0,0
				P: "Lcl Scaling", "Lcl Scaling", "", "A",1,1,1
				P: "Visibility", "Visibility", "", "A",1
				P: "Visibility Inheritance", "Visibility Inheritance", "", "",1
			}
		}
	}
	ObjectType: "Pose" {
		Count: 1
	}
	ObjectType: "AnimationStack" {
		Count: 1
		PropertyTemplate: "FbxAnimStack" {
			Properties70:  {
				P: "Description", "KString", "", "", ""
				P: "LocalStart", "KTime", "Time", "",0
				P: "LocalStop", "KTime", "Time", "",0
				P: "ReferenceStart", "KTime", "Time", "",0
				P: "ReferenceStop", "KTime", "Time", "",0
			}
		}
	}
	ObjectType: "AnimationLayer" {
		Count: 1
		PropertyTemplate: "FbxAnimLayer" {
			Properties70:  {
				P: "Weight", "Number", "", "A",100
				P: "Mute", "bool", "", "",0
				P: "Solo", "bool", "", "",0
				P: "Lock", "bool", "", "",0
				P: "Color", "ColorRGB", "Color", "",0.8,0.8,0.8
				P: "BlendMode", "enum", "", "",0
				P: "RotationAccumulationMode", "enum", "", "",0
				P: "ScaleAccumulationMode", "enum", "", "",0
				P: "BlendModeBypass", "ULongLong", "", "",0
			}
		}
	}
	ObjectType: "AnimationCurveNode" {
		Count: 81
		PropertyTemplate: "FbxAnimCurveNode" {
			Properties70:  {
				P: "d", "Compound", "", ""
			}
		}
	}
	ObjectType: "AnimationCurve" {
		Count: 243
	}
}

; Object properties
;------------------------------------------------------------------

Objects:  {
	NodeAttribute: 1897317999088, "NodeAttribute::", "Null" {
		TypeFlags: "Null"
	}
	NodeAttribute: 1897279427600, "NodeAttribute::spine", "LimbNode" {
		Properties70:  {
			P: "Size", "double", "Number", "",3.07307386398315
		}
		TypeFlags: "Skeleton"
	}
	NodeAttribute: 1897279438544, "NodeAttribute::spine.001", "LimbNode" {
		Properties70:  {
			P: "Size", "double", "Number", "",5.92468929290771
		}
		TypeFlags: "Skeleton"
	}
	NodeAttribute: 1897279438736, "NodeAttribute::spine.002", "LimbNode" {
		Properties70:  {
			P: "Size", "double", "Number", "",1.44307458400726
		}
		TypeFlags: "Skeleton"
	}
	NodeAttribute: 1897279427024, "NodeAttribute::spine.003", "LimbNode" {
		Properties70:  {
			P: "Size", "double", "Number", "",2.28556323051453
		}
		TypeFlags: "Skeleton"
	}
	NodeAttribute: 1897279438928, "NodeAttribute::spine.004", "LimbNode" {
		Properties70:  {
			P: "Size", "double", "Number", "",2.28556323051453
		}
		TypeFlags: "Skeleton"
	}
	NodeAttribute: 1897279435088, "NodeAttribute::spine.005", "LimbNode" {
		Properties70:  {
			P: "Size", "double", "Number", "",10.6969041824341
		}
		TypeFlags: "Skeleton"
	}
	NodeAttribute: 1897279436432, "NodeAttribute::shoulder.L", "LimbNode" {
		Properties70:  {
			P: "Size", "double", "Number", "",4.06424999237061
		}
		TypeFlags: "Skeleton"
	}
	NodeAttribute: 1897279437008, "NodeAttribute::upper_arm.L", "LimbNode" {
		Properties70:  {
			P: "Size", "double", "Number", "",2.30270051956177
		}
		TypeFlags: "Skeleton"
	}
	NodeAttribute: 1897279428368, "NodeAttribute::forearm.L", "LimbNode" {
		Properties70:  {
			P: "Size", "double", "Number", "",2.20601892471313
		}
		TypeFlags: "Skeleton"
	}
	NodeAttribute: 1897279428560, "NodeAttribute::hand.L", "LimbNode" {
		Properties70:  {
			P: "Size", "double", "Number", "",3.17390847206116
		}
		TypeFlags: "Skeleton"
	}
	NodeAttribute: 1897279436624, "NodeAttribute::shoulder.R", "LimbNode" {
		Properties70:  {
			P: "Size", "double", "Number", "",4.02232217788696
		}
		TypeFlags: "Skeleton"
	}
	NodeAttribute: 1897279428752, "NodeAttribute::upper_arm.R", "LimbNode" {
		Properties70:  {
			P: "Size", "double", "Number", "",2.30296659469604
		}
		TypeFlags: "Skeleton"
	}
	NodeAttribute: 1897279436048, "NodeAttribute::forearm.R", "LimbNode" {
		Properties70:  {
			P: "Size", "double", "Number", "",2.23443579673767
		}
		TypeFlags: "Skeleton"
	}
	NodeAttribute: 1897279437392, "NodeAttribute::hand.R", "LimbNode" {
		Properties70:  {
			P: "Size", "double", "Number", "",3.07848525047302
		}
		TypeFlags: "Skeleton"
	}
	NodeAttribute: 1897279431248, "NodeAttribute::pelvis.L", "LimbNode" {
		Properties70:  {
			P: "Size", "double", "Number", "",3.44474768638611
		}
		TypeFlags: "Skeleton"
	}
	NodeAttribute: 1897279433552, "NodeAttribute::pelvis.R", "LimbNode" {
		Properties70:  {
			P: "Size", "double", "Number", "",3.44474768638611
		}
		TypeFlags: "Skeleton"
	}
	NodeAttribute: 1897279435664, "NodeAttribute::thigh.L", "LimbNode" {
		Properties70:  {
			P: "Size", "double", "Number", "",1.75832772254944
		}
		TypeFlags: "Skeleton"
	}
	NodeAttribute: 1897279427216, "NodeAttribute::shin.L", "LimbNode" {
		Properties70:  {
			P: "Size", "double", "Number", "",1.86580657958984
		}
		TypeFlags: "Skeleton"
	}
	NodeAttribute: 1897279437584, "NodeAttribute::foot.L", "LimbNode" {
		Properties70:  {
			P: "Size", "double", "Number", "",2.28556299209595
		}
		TypeFlags: "Skeleton"
	}
	NodeAttribute: 1897279429904, "NodeAttribute::toe.L", "LimbNode" {
		Properties70:  {
			P: "Size", "double", "Number", "",2.28556323051453
		}
		TypeFlags: "Skeleton"
	}
	NodeAttribute: 1897279428944, "NodeAttribute::heel.02.L", "LimbNode" {
		Properties70:  {
			P: "Size", "double", "Number", "",2.28556299209595
		}
		TypeFlags: "Skeleton"
	}
	NodeAttribute: 1897279429136, "NodeAttribute::thigh.R", "LimbNode" {
		Properties70:  {
			P: "Size", "double", "Number", "",1.75832772254944
		}
		TypeFlags: "Skeleton"
	}
	NodeAttribute: 1897279434512, "NodeAttribute::shin.R", "LimbNode" {
		Properties70:  {
			P: "Size", "double", "Number", "",1.86580657958984
		}
		TypeFlags: "Skeleton"
	}
	NodeAttribute: 1897279430864, "NodeAttribute::foot.R", "LimbNode" {
		Properties70:  {
			P: "Size", "double", "Number", "",2.28556299209595
		}
		TypeFlags: "Skeleton"
	}
	NodeAttribute: 1897279431824, "NodeAttribute::toe.R", "LimbNode" {
		Properties70:  {
			P: "Size", "double", "Number", "",2.28556323051453
		}
		TypeFlags: "Skeleton"
	}
	NodeAttribute: 1897279429328, "NodeAttribute::heel.02.R", "LimbNode" {
		Properties70:  {
			P: "Size", "double", "Number", "",2.28556299209595
		}
		TypeFlags: "Skeleton"
	}
	Model: 1897486866192, "Model::BodyArmature", "Null" {
		Version: 232
		Properties70:  {
			P: "RotationActive", "bool", "", "",1
			P: "InheritType", "enum", "", "",1
			P: "ScalingMax", "Vector3D", "Vector", "",0,0,0
			P: "DefaultAttributeIndex", "int", "Integer", "",0
			P: "Lcl Rotation", "Lcl Rotation", "", "A+",-90.0000076293945,-8.65142101247329e-06,8.6514237409574e-06
			P: "Lcl Scaling", "Lcl Scaling", "", "A+",100,100,100
		}
		Shading: Y
		Culling: "CullingOff"
	}
	Model: 1897486862192, "Model::spine", "LimbNode" {
		Version: 232
		Properties70:  {
			P: "RotationActive", "bool", "", "",1
			P: "InheritType", "enum", "", "",1
			P: "ScalingMax", "Vector3D", "Vector", "",0,0,0
			P: "DefaultAttributeIndex", "int", "Integer", "",0
			P: "Lcl Translation", "Lcl Translation", "", "A+",0.000664469436742365,0.047705452889204,0.532724320888519
			P: "Lcl Rotation", "Lcl Rotation", "", "A+",101.407279968262,-0.573043823242188,-1.6214599609375
		}
		Shading: Y
		Culling: "CullingOff"
	}
	Model: 1897486874192, "Model::spine.001", "LimbNode" {
		Version: 232
		Properties70:  {
			P: "RotationActive", "bool", "", "",1
			P: "InheritType", "enum", "", "",1
			P: "ScalingMax", "Vector3D", "Vector", "",0,0,0
			P: "DefaultAttributeIndex", "int", "Integer", "",0
			P: "Lcl Translation", "Lcl Translation", "", "A+",-1.62981450557709e-08,0.141752004623413,0
			P: "Lcl Rotation", "Lcl Rotation", "", "A+",-4.44584655761719,0.423095703125,-0.0788726806640625
		}
		Shading: Y
		Culling: "CullingOff"
	}
	Model: 1897486864192, "Model::spine.002", "LimbNode" {
		Version: 232
		Properties70:  {
			P: "RotationActive", "bool", "", "",1
			P: "InheritType", "enum", "", "",1
			P: "ScalingMax", "Vector3D", "Vector", "",0,0,0
			P: "DefaultAttributeIndex", "int", "Integer", "",0
			P: "Lcl Translation", "Lcl Translation", "", "A+",-6.33299350738525e-08,0.245311856269836,-7.45058059692383e-08
			P: "Lcl Rotation", "Lcl Rotation", "", "A+",-7.18967056274414,0.359538286924362,0.61665666103363
		}
		Shading: Y
		Culling: "CullingOff"
	}
	Model: 1897486876192, "Model::spine.003", "LimbNode" {
		Version: 232
		Properties70:  {
			P: "RotationActive", "bool", "", "",1
			P: "InheritType", "enum", "", "",1
			P: "ScalingMax", "Vector3D", "Vector", "",0,0,0
			P: "DefaultAttributeIndex", "int", "Integer", "",0
			P: "Lcl Translation", "Lcl Translation", "", "A+",1.32348898008484e-23,0.0756029039621353,-9.31322574615479e-10
			P: "Lcl Rotation", "Lcl Rotation", "", "A+",1.25150966644287,8.1344512289222e-13,3.5558676906829e-14
		}
		Shading: Y
		Culling: "CullingOff"
	}
	Model: 1897486856192, "Model::spine.004", "LimbNode" {
		Version: 232
		Properties70:  {
			P: "RotationActive", "bool", "", "",1
			P: "InheritType", "enum", "", "",1
			P: "ScalingMax", "Vector3D", "Vector", "",0,0,0
			P: "DefaultAttributeIndex", "int", "Integer", "",0
			P: "Lcl Translation", "Lcl Translation", "", "A+",-1.86264514923096e-09,0.133378863334656,-1.33179128170013e-07
			P: "Lcl Rotation", "Lcl Rotation", "", "A+",26.0839500427246,0.189658999443054,0.0199190862476826
		}
		Shading: Y
		Culling: "CullingOff"
	}
	Model: 1897486878192, "Model::spine.005", "LimbNode" {
		Version: 232
		Properties70:  {
			P: "RotationActive", "bool", "", "",1
			P: "InheritType", "enum", "", "",1
			P: "ScalingMax", "Vector3D", "Vector", "",0,0,0
			P: "DefaultAttributeIndex", "int", "Integer", "",0
			P: "Lcl Translation", "Lcl Translation", "", "A+",-1.86264514923096e-09,0.0458246469497681,-1.19209289550781e-07
			P: "Lcl Rotation", "Lcl Rotation", "", "A+",-18.5413818359375,-0.0731964111328125,-0.654373168945312
			P: "Lcl Scaling", "Lcl Scaling", "", "A+",1,0.999999940395355,0.999999821186066
		}
		Shading: Y
		Culling: "CullingOff"
	}
	Model: 1897486852192, "Model::shoulder.L", "LimbNode" {
		Version: 232
		Properties70:  {
			P: "RotationActive", "bool", "", "",1
			P: "InheritType", "enum", "", "",1
			P: "ScalingMax", "Vector3D", "Vector", "",0,0,0
			P: "DefaultAttributeIndex", "int", "Integer", "",0
			P: "Lcl Translation", "Lcl Translation", "", "A+",0.0126744462177157,0.0950386524200439,0.0541960597038269
			P: "Lcl Rotation", "Lcl Rotation", "", "A+",-72.909797668457,-76.8045883178711,-24.3751678466797
			P: "Lcl Scaling", "Lcl Scaling", "", "A+",0.999999940395355,0.999999940395355,1
		}
		Shading: Y
		Culling: "CullingOff"
	}
	Model: 1897486860192, "Model::upper_arm.L", "LimbNode" {
		Version: 232
		Properties70:  {
			P: "RotationActive", "bool", "", "",1
			P: "InheritType", "enum", "", "",1
			P: "ScalingMax", "Vector3D", "Vector", "",0,0,0
			P: "DefaultAttributeIndex", "int", "Integer", "",0
			P: "Lcl Translation", "Lcl Translation", "", "A+",0.000999100506305695,0.234335482120514,-0.0141230821609497
			P: "Lcl Rotation", "Lcl Rotation", "", "A+",-116.948425292969,25.7187347412109,-112.639152526855
			P: "Lcl Scaling", "Lcl Scaling", "", "A+",0.99999988079071,0.999999761581421,0.99999988079071
		}
		Shading: Y
		Culling: "CullingOff"
	}
	Model: 1897486854192, "Model::forearm.L", "LimbNode" {
		Version: 232
		Properties70:  {
			P: "RotationActive", "bool", "", "",1
			P: "InheritType", "enum", "", "",1
			P: "ScalingMax", "Vector3D", "Vector", "",0,0,0
			P: "DefaultAttributeIndex", "int", "Integer", "",0
			P: "Lcl Translation", "Lcl Translation", "", "A+",2.38418579101562e-07,0.201318860054016,5.96046447753906e-08
			P: "Lcl Rotation", "Lcl Rotation", "", "A+",66.3261337280273,-6.6483154296875,-7.03506469726562
			P: "Lcl Scaling", "Lcl Scaling", "", "A+",1,0.99999988079071,1.00000011920929
		}
		Shading: Y
		Culling: "CullingOff"
	}
	Model: 1897486858192, "Model::hand.L", "LimbNode" {
		Version: 232
		Properties70:  {
			P: "RotationActive", "bool", "", "",1
			P: "InheritType", "enum", "", "",1
			P: "ScalingMax", "Vector3D", "Vector", "",0,0,0
			P: "DefaultAttributeIndex", "int", "Integer", "",0
			P: "Lcl Translation", "Lcl Translation", "", "A+",0,0.175703585147858,8.94069671630859e-08
			P: "Lcl Rotation", "Lcl Rotation", "", "A+",-4.55972242355347,1.89548468589783,2.81169819831848
			P: "Lcl Scaling", "Lcl Scaling", "", "A+",0.999999940395355,0.999999940395355,0.999999940395355
		}
		Shading: Y
		Culling: "CullingOff"
	}
	Model: 1897270857888, "Model::shoulder.R", "LimbNode" {
		Version: 232
		Properties70:  {
			P: "RotationActive", "bool", "", "",1
			P: "InheritType", "enum", "", "",1
			P: "ScalingMax", "Vector3D", "Vector", "",0,0,0
			P: "DefaultAttributeIndex", "int", "Integer", "",0
			P: "Lcl Translation", "Lcl Translation", "", "A+",-0.0126745365560055,0.0950387716293335,0.0541960597038269
			P: "Lcl Rotation", "Lcl Rotation", "", "A+",-72.9658889770508,77.2421951293945,23.7947654724121
			P: "Lcl Scaling", "Lcl Scaling", "", "A+",0.999999940395355,0.999999940395355,1
		}
		Shading: Y
		Culling: "CullingOff"
	}
	Model: 1897270887888, "Model::upper_arm.R", "LimbNode" {
		Version: 232
		Properties70:  {
			P: "RotationActive", "bool", "", "",1
			P: "InheritType", "enum", "", "",1
			P: "ScalingMax", "Vector3D", "Vector", "",0,0,0
			P: "DefaultAttributeIndex", "int", "Integer", "",0
			P: "Lcl Translation", "Lcl Translation", "", "A+",-0.000999193638563156,0.234335377812386,-0.0141232013702393
			P: "Lcl Rotation", "Lcl Rotation", "", "A+",-113.434791564941,-28.598726272583,105.965530395508
			P: "Lcl Scaling", "Lcl Scaling", "", "A+",0.99999988079071,0.999999761581421,0.99999988079071
		}
		Shading: Y
		Culling: "CullingOff"
	}
	Model: 1897270859888, "Model::forearm.R", "LimbNode" {
		Version: 232
		Properties70:  {
			P: "RotationActive", "bool", "", "",1
			P: "InheritType", "enum", "", "",1
			P: "ScalingMax", "Vector3D", "Vector", "",0,0,0
			P: "DefaultAttributeIndex", "int", "Integer", "",0
			P: "Lcl Translation", "Lcl Translation", "", "A+",-2.38418579101562e-07,0.201318800449371,8.94069671630859e-08
			P: "Lcl Rotation", "Lcl Rotation", "", "A+",58.4911041259766,7.57555818557739,6.5468373298645
			P: "Lcl Scaling", "Lcl Scaling", "", "A+",1,0.99999988079071,1.00000011920929
		}
		Shading: Y
		Culling: "CullingOff"
	}
	Model: 1897270883888, "Model::hand.R", "LimbNode" {
		Version: 232
		Properties70:  {
			P: "RotationActive", "bool", "", "",1
			P: "InheritType", "enum", "", "",1
			P: "ScalingMax", "Vector3D", "Vector", "",0,0,0
			P: "DefaultAttributeIndex", "int", "Integer", "",0
			P: "Lcl Translation", "Lcl Translation", "", "A+",0,0.175703316926956,8.94069671630859e-08
			P: "Lcl Rotation", "Lcl Rotation", "", "A+",-4.58305358886719,-1.98103332519531,-2.84223937988281
			P: "Lcl Scaling", "Lcl Scaling", "", "A+",0.999999940395355,0.999999940395355,0.999999940395355
		}
		Shading: Y
		Culling: "CullingOff"
	}
	Model: 1897270881888, "Model::pelvis.L", "LimbNode" {
		Version: 232
		Properties70:  {
			P: "RotationActive", "bool", "", "",1
			P: "InheritType", "enum", "", "",1
			P: "ScalingMax", "Vector3D", "Vector", "",0,0,0
			P: "DefaultAttributeIndex", "int", "Integer", "",0
			P: "Lcl Translation", "Lcl Translation", "", "A+",1.52201232709757e-22,-1.44354999065399e-08,2.77555756156289e-17
			P: "Lcl Rotation", "Lcl Rotation", "", "A+",124.899368286133,-73.7004776000977,175.63069152832
			P: "Lcl Scaling", "Lcl Scaling", "", "A+",0.999999940395355,1,1.00000011920929
		}
		Shading: Y
		Culling: "CullingOff"
	}
	Model: 1897270885888, "Model::pelvis.R", "LimbNode" {
		Version: 232
		Properties70:  {
			P: "RotationActive", "bool", "", "",1
			P: "InheritType", "enum", "", "",1
			P: "ScalingMax", "Vector3D", "Vector", "",0,0,0
			P: "DefaultAttributeIndex", "int", "Integer", "",0
			P: "Lcl Translation", "Lcl Translation", "", "A+",1.52201232709757e-22,-1.44354999065399e-08,2.77555756156289e-17
			P: "Lcl Rotation", "Lcl Rotation", "", "A+",124.899345397949,73.7005004882812,-175.630676269531
			P: "Lcl Scaling", "Lcl Scaling", "", "A+",0.99999988079071,1,1.00000011920929
		}
		Shading: Y
		Culling: "CullingOff"
	}
	Model: 1897270863888, "Model::thigh.L", "LimbNode" {
		Version: 232
		Properties70:  {
			P: "RotationActive", "bool", "", "",1
			P: "InheritType", "enum", "", "",1
			P: "ScalingMax", "Vector3D", "Vector", "",0,0,0
			P: "DefaultAttributeIndex", "int", "Integer", "",0
			P: "Lcl Translation", "Lcl Translation", "", "A+",0.170170977711678,0.0477660894393921,0.0211420804262161
			P: "Lcl Rotation", "Lcl Rotation", "", "A+",151.667144775391,14.1851196289062,-3.47099304199219
			P: "Lcl Scaling", "Lcl Scaling", "", "A+",1,1,1.00000011920929
		}
		Shading: Y
		Culling: "CullingOff"
	}
	Model: 1897270861888, "Model::shin.L", "LimbNode" {
		Version: 232
		Properties70:  {
			P: "RotationActive", "bool", "", "",1
			P: "InheritType", "enum", "", "",1
			P: "ScalingMax", "Vector3D", "Vector", "",0,0,0
			P: "DefaultAttributeIndex", "int", "Integer", "",0
			P: "Lcl Translation", "Lcl Translation", "", "A+",5.96046447753906e-08,0.28579193353653,0
			P: "Lcl Rotation", "Lcl Rotation", "", "A+",34.6864585876465,-8.94883578439476e-06,5.42900670552626e-06
		}
		Shading: Y
		Culling: "CullingOff"
	}
	Model: 1897270873888, "Model::foot.L", "LimbNode" {
		Version: 232
		Properties70:  {
			P: "RotationActive", "bool", "", "",1
			P: "InheritType", "enum", "", "",1
			P: "ScalingMax", "Vector3D", "Vector", "",0,0,0
			P: "DefaultAttributeIndex", "int", "Integer", "",0
			P: "Lcl Translation", "Lcl Translation", "", "A+",2.98023223876953e-08,0.256811290979385,-1.54599547386169e-07
			P: "Lcl Rotation", "Lcl Rotation", "", "A+",-76.0673294067383,0.01883783377707,0.0309873782098293
		}
		Shading: Y
		Culling: "CullingOff"
	}
	Model: 1897270867888, "Model::toe.L", "LimbNode" {
		Version: 232
		Properties70:  {
			P: "RotationActive", "bool", "", "",1
			P: "InheritType", "enum", "", "",1
			P: "ScalingMax", "Vector3D", "Vector", "",0,0,0
			P: "DefaultAttributeIndex", "int", "Integer", "",0
			P: "Lcl Translation", "Lcl Translation", "", "A+",2.98023223876953e-08,0.0895147994160652,-3.72529029846191e-08
			P: "Lcl Rotation", "Lcl Rotation", "", "A+",-147.947967529297,3.29739050357603e-05,180
			P: "Lcl Scaling", "Lcl Scaling", "", "A+",1,0.999999821186066,0.999999940395355
		}
		Shading: Y
		Culling: "CullingOff"
	}
	Model: 1897270865888, "Model::heel.02.L", "LimbNode" {
		Version: 232
		Properties70:  {
			P: "RotationActive", "bool", "", "",1
			P: "InheritType", "enum", "", "",1
			P: "ScalingMax", "Vector3D", "Vector", "",0,0,0
			P: "DefaultAttributeIndex", "int", "Integer", "",0
			P: "Lcl Translation", "Lcl Translation", "", "A+",-0.0263186320662498,0.0138313695788383,0.060941718518734
			P: "Lcl Rotation", "Lcl Rotation", "", "A+",179.999969482422,32.0053024291992,89.9999771118164
			P: "Lcl Scaling", "Lcl Scaling", "", "A+",0.999999821186066,0.999999761581421,0.999999940395355
		}
		Shading: Y
		Culling: "CullingOff"
	}
	Model: 1897270869888, "Model::thigh.R", "LimbNode" {
		Version: 232
		Properties70:  {
			P: "RotationActive", "bool", "", "",1
			P: "InheritType", "enum", "", "",1
			P: "ScalingMax", "Vector3D", "Vector", "",0,0,0
			P: "DefaultAttributeIndex", "int", "Integer", "",0
			P: "Lcl Translation", "Lcl Translation", "", "A+",-0.170170858502388,0.0477659702301025,0.0211421102285385
			P: "Lcl Rotation", "Lcl Rotation", "", "A+",145.385223388672,-14.7861366271973,3.44087076187134
			P: "Lcl Scaling", "Lcl Scaling", "", "A+",1,1,1.00000011920929
		}
		Shading: Y
		Culling: "CullingOff"
	}
	Model: 1897270871888, "Model::shin.R", "LimbNode" {
		Version: 232
		Properties70:  {
			P: "RotationActive", "bool", "", "",1
			P: "InheritType", "enum", "", "",1
			P: "ScalingMax", "Vector3D", "Vector", "",0,0,0
			P: "DefaultAttributeIndex", "int", "Integer", "",0
			P: "Lcl Translation", "Lcl Translation", "", "A+",2.98023223876953e-08,0.285791873931885,-1.19209289550781e-07
			P: "Lcl Rotation", "Lcl Rotation", "", "A+",45.3999176025391,1.3140252121957e-06,4.69958240501001e-06
		}
		Shading: Y
		Culling: "CullingOff"
	}
	Model: 1897270875888, "Model::foot.R", "LimbNode" {
		Version: 232
		Properties70:  {
			P: "RotationActive", "bool", "", "",1
			P: "InheritType", "enum", "", "",1
			P: "ScalingMax", "Vector3D", "Vector", "",0,0,0
			P: "DefaultAttributeIndex", "int", "Integer", "",0
			P: "Lcl Translation", "Lcl Translation", "", "A+",4.4703483581543e-08,0.256811231374741,-1.58324837684631e-08
			P: "Lcl Rotation", "Lcl Rotation", "", "A+",-68.5688400268555,0.322711437940598,0.843498528003693
		}
		Shading: Y
		Culling: "CullingOff"
	}
	Model: 1897270877888, "Model::toe.R", "LimbNode" {
		Version: 232
		Properties70:  {
			P: "RotationActive", "bool", "", "",1
			P: "InheritType", "enum", "", "",1
			P: "ScalingMax", "Vector3D", "Vector", "",0,0,0
			P: "DefaultAttributeIndex", "int", "Integer", "",0
			P: "Lcl Translation", "Lcl Translation", "", "A+",-2.98023223876953e-08,0.0895148366689682,-8.94069671630859e-08
			P: "Lcl Rotation", "Lcl Rotation", "", "A+",-135.269744873047,-3.0517578125e-05,-179.999969482422
			P: "Lcl Scaling", "Lcl Scaling", "", "A+",1,0.999999821186066,0.999999940395355
		}
		Shading: Y
		Culling: "CullingOff"
	}
	Model: 1897270879888, "Model::heel.02.R", "LimbNode" {
		Version: 232
		Properties70:  {
			P: "RotationActive", "bool", "", "",1
			P: "InheritType", "enum", "", "",1
			P: "ScalingMax", "Vector3D", "Vector", "",0,0,0
			P: "DefaultAttributeIndex", "int", "Integer", "",0
			P: "Lcl Translation", "Lcl Translation", "", "A+",0.0263186320662498,0.0138313695788383,0.060941718518734
			P: "Lcl Rotation", "Lcl Rotation", "", "A+",179.999954223633,-32.0053100585938,-89.9999694824219
			P: "Lcl Scaling", "Lcl Scaling", "", "A+",0.999999821186066,0.999999761581421,0.999999940395355
		}
		Shading: Y
		Culling: "CullingOff"
	}
	Pose: 1897318003312, "Pose::BindPose", "BindPose" {
		Type: "BindPose"
		Version: 100
		NbPoseNodes: 27
		PoseNode:  {
			Node: 1897486866192
			Matrix: *16 {
				a: 99.9999999999977,1.50995829264909e-05,1.5099578164388e-05,0,1.50995801750188e-05,-1.33158031721726e-05,-99.999999999998,0,-1.50995809158605e-05,99.999999999998,-1.3315805452146e-05,0,0,0,0,1
			} 
		}
		PoseNode:  {
			Node: 1897270879888
			Matrix: *16 {
				a: 4.51671497203598e-07,-0.847998829019593,0.529997762592784,0,-0.999999761581185,-1.09191290342814e-07,6.77507205448791e-07,0,-5.16654362021918e-07,-0.529997825773633,-0.847998930108799,0,0.0263186320662498,0.0138313695788384,0.060941718518734,1
			} 
		}
		PoseNode:  {
			Node: 1897270877888
			Matrix: *16 {
				a: -0.999999999999716,-5.32632218053219e-07,5.32632218025464e-07,0,-7.53247223983511e-07,0.710427819071575,-0.703769817668249,0,-3.54626644195888e-09,-0.703769901564366,-0.710427903761386,0,-2.98023223876953e-08,0.0895148366689682,-8.94069671769637e-08,1
			} 
		}
		PoseNode:  {
			Node: 1897270875888
			Matrix: *16 {
				a: 0.99987577579345,0.0147210612667532,-0.00563234734600848,0,-0.0106212551931379,0.365266302727161,-0.930842477022913,0,-0.0116456824431989,0.93078666645328,0.365377283958954,0,4.47034835537874e-08,0.256811231374741,-1.58324837649937e-08,1
			} 
		}
		PoseNode:  {
			Node: 1897270871888
			Matrix: *16 {
				a: 0.999999999999996,8.202318645123e-08,-2.29340665347522e-08,0,-4.12632853025174e-08,0.702154076964068,0.712025036219048,0,7.45058105211527e-08,-0.712025036219044,0.702154076964069,0,2.98023223599397e-08,0.285791873931885,-1.19209289550781e-07,1
			} 
		}
		PoseNode:  {
			Node: 1897270869888
			Matrix: *16 {
				a: 0.965142134453772,0.0580309319279608,0.255211816422337,0,-0.0953186936463803,-0.83020741317543,0.549244934205232,0,0.243751966369928,-0.554425951173973,-0.795736817028233,0,-0.170170858502388,0.0477659702301025,0.0211421102285385,1
			} 
		}
		PoseNode:  {
			Node: 1897270865888
			Matrix: *16 {
				a: 3.38753651102364e-07,0.84799889959311,-0.529997649674905,0,0.999999761581312,-1.17180261410832e-07,4.51671507792351e-07,0,3.20911793185195e-07,-0.529997712855655,-0.847999000682422,0,-0.0263186320662498,0.0138313695788384,0.060941718518734,1
			} 
		}
		PoseNode:  {
			Node: 1897270867888
			Matrix: *16 {
				a: -0.999999999999835,8.32667268468867e-17,-5.75503210101247e-07,0,3.05413278112177e-07,0.847566355182516,-0.530689095360641,0,4.87777216268958e-07,-0.53068915862381,-0.847566456220177,0,2.98023224154509e-08,0.0895147994160652,-3.72529029846191e-08,1
			} 
		}
		PoseNode:  {
			Node: 1897270873888
			Matrix: *16 {
				a: 0.999999799701631,0.000540831720725471,-0.000328782217429852,0,-0.000449331470228742,0.240781307277877,-0.9705792910251,0,-0.000445755455943095,0.970579244351849,0.240781502062486,0,2.98023224154509e-08,0.256811290979385,-1.54599547372292e-07,1
			} 
		}
		PoseNode:  {
			Node: 1897270861888
			Matrix: *16 {
				a: 0.999999999999983,9.47540421195048e-08,1.56186648614387e-07,0,-1.66797727782497e-07,0.822278562860551,0.569085200176527,0,-7.45058099382856e-08,-0.569085200176544,0.822278562860553,0,5.9604644747635e-08,0.28579193353653,0,1
			} 
		}
		PoseNode:  {
			Node: 1897270863888
			Matrix: *16 {
				a: 0.967730537036593,-0.0586971877056706,-0.24505560153221,0,0.0627978761035686,-0.88563195974531,0.460122221409228,0,-0.244036982120616,-0.460663350645672,-0.853367135029208,0,0.170170977711678,0.047766089439392,0.0211420804262161,1
			} 
		}
		PoseNode:  {
			Node: 1897270885888
			Matrix: *16 {
				a: -0.279842609943328,-0.0213820061565126,-0.95980762919153,0,-0.828494890396666,0.510501137101357,0.230184286181392,0,0.485061199924159,0.859611292909142,-0.160574891716614,0,0,-1.44355000175622e-08,2.77555756156289e-17,1
			} 
		}
		PoseNode:  {
			Node: 1897270881888
			Matrix: *16 {
				a: -0.279843014621636,0.0213819621150788,0.959807574284709,0,0.828494468986939,0.510501708140654,0.230184536499578,0,-0.485061695855551,0.859610954910377,-0.160575203037087,0,0,-1.44355000175622e-08,2.77555756156289e-17,1
			} 
		}
		PoseNode:  {
			Node: 1897270883888
			Matrix: *16 {
				a: 0.998172853887361,-0.0495564532542923,0.0345686634675185,0,0.0521863209964888,0.995439316796907,-0.079856341429294,0,-0.030453611508766,0.0815144484522572,0.996206732074378,0,0,0.175703316926956,8.94069670520636e-08,1
			} 
		}
		PoseNode:  {
			Node: 1897270859888
			Matrix: *16 {
				a: 0.984807769585619,0.113020245492175,-0.131833535463045,0,0.0520749607347153,0.532037651819455,0.845117682392431,0,0.165655852068014,-0.839143886084483,0.518069411895013,0,-2.38418579101562e-07,0.201318800449371,8.94069671630859e-08,1
			} 
		}
		PoseNode:  {
			Node: 1897270887888
			Matrix: *16 {
				a: -0.241500020249893,0.844126973694021,0.478672282551341,0,0.261561821465526,0.531639823988781,-0.805570626490138,0,-0.934485365878492,-0.0693429450335446,-0.349182500298126,0,-0.000999193638563156,0.234335377812386,-0.0141232013702393,1
			} 
		}
		PoseNode:  {
			Node: 1897270857888
			Matrix: *16 {
				a: 0.202058941799333,0.0890965617569646,-0.975312189769376,0,-0.971448294360348,-0.108198457376053,-0.21114257267668,0,-0.124339366481526,0.990128726056694,0.0646902448621272,0,-0.0126745365560055,0.0950387716293337,0.0541960597038269,1
			} 
		}
		PoseNode:  {
			Node: 1897486858192
			Matrix: *16 {
				a: 0.998249567685292,0.0490268532552804,-0.0330764125431852,0,-0.051524789184401,0.995505916287376,-0.079454688515216,0,0.0290323527524863,0.0810198684733082,0.996289508223858,0,0,0.175703585147858,8.94069671075748e-08,1
			} 
		}
		PoseNode:  {
			Node: 1897486854192
			Matrix: *16 {
				a: 0.985797498816208,-0.121653157114707,0.115774784351918,0,-0.0560554730851044,0.411493504919446,0.90968711155416,0,-0.158306918644692,-0.903257304936902,0.398830037742823,0,2.38418579101562e-07,0.201318860054016,5.96046448864129e-08,1
			} 
		}
		PoseNode:  {
			Node: 1897486860192
			Matrix: *16 {
				a: -0.346793421394724,-0.831515674645267,-0.43395364646239,0,-0.269366852054716,0.531470157202045,-0.803106776325954,0,0.898429499834911,-0.161619457555207,-0.408293211243325,0,0.000999100506305695,0.234335482120514,-0.0141230821609497,1
			} 
		}
		PoseNode:  {
			Node: 1897486852192
			Matrix: *16 {
				a: 0.20792524204633,-0.0942104356751177,0.973597128344468,0,0.96894029645494,-0.116388788082553,-0.218193108748193,0,0.133871873643913,0.988725462980333,0.0670841285357048,0,0.0126744462177157,0.0950386524200437,0.0541960597038269,1
			} 
		}
		PoseNode:  {
			Node: 1897486878192
			Matrix: *16 {
				a: 0.999933965499643,-0.0114207087279161,0.00127751802741471,0,0.0112341270929184,0.948027705482128,-0.317989221228432,0,0.00242053950147391,0.317982536862494,0.948093291618065,0,-1.86264514923096e-09,0.0458246469497681,-1.19209289550781e-07,1
			} 
		}
		PoseNode:  {
			Node: 1897486856192
			Matrix: *16 {
				a: 0.999994460947865,0.000347651727345236,-0.00331016795125432,0,0.00114319431073399,0.898151230020944,0.439685184101799,0,0.00312588873073608,-0.439686532827811,0.898145857680979,0,-1.86264515443513e-09,0.133378863334656,-1.33179128171748e-07,1
			} 
		}
		PoseNode:  {
			Node: 1897486876192
			Matrix: *16 {
				a: 1,6.15027234869558e-16,-1.41935074804422e-14,0,-3.06612374378901e-16,0.999761451940095,0.0218412274067554,0,1.4210854715202e-14,-0.0218412274067553,0.999761451940095,0,-1.73472347597681e-18,0.0756029039621353,-9.31322574615479e-10,1
			} 
		}
		PoseNode:  {
			Node: 1897486864192
			Matrix: *16 {
				a: 0.999922395417003,0.01076226940947,-0.00627508571105181,0,-0.0114631678525323,0.992071366449387,-0.125151906314009,0,0.00487841432309009,0.125214126313303,0.992117746865405,0,-6.33299350738525e-08,0.245311856269836,-7.45058059692383e-08,1
			} 
		}
		PoseNode:  {
			Node: 1897486874192
			Matrix: *16 {
				a: 0.999971787874463,-0.00137655000050771,-0.00738434595929318,0,0.000800034978582352,0.996990887841928,-0.0775147050836004,0,0.00746882850140986,0.0775066104939481,0.996963861897991,0,-1.62981450557709e-08,0.141752004623413,0,1
			} 
		}
		PoseNode:  {
			Node: 1897486862192
			Matrix: *16 {
				a: 0.999549592387436,-0.0282946224868141,0.0100013347328749,0,-0.0153962871922038,-0.197425289203263,0.980197025869648,0,-0.0257597884076232,-0.979909521089236,-0.197771999483895,0,0.000664469436742365,0.047705452889204,0.532724320888519,1
			} 
		}
	}
	AnimationStack: 1897306559568, "AnimStack::loop-idle", "" {
	}
	AnimationCurve: 1896844564544, "AnimCurve::", "" {
		Default: 0
		KeyVer: 4009
		KeyTime: *5 {
			a: 0,22323309700,45416388700,68509467700,91602546700
		} 
		KeyValueFloat: *5 {
			a: 0,0,0,0,0
		} 
		;KeyAttrFlags: Cubic|TangeantAuto|GenericTimeIndependent, Cubic|TangeantAuto|GenericTimeIndependent, Cubic|TangeantAuto|GenericTimeIndependent, Cubic|TangeantAuto|GenericTimeIndependent, Cubic|TangeantAuto|GenericTimeIndependent
		KeyAttrFlags: *5 {
			a: 8456,8456,8456,8456,8456
		} 
		;KeyAttrDataFloat: RightAuto:0, NextLeftAuto:0; RightAuto:0, NextLeftAuto:0; RightAuto:0, NextLeftAuto:0; RightAuto:0, NextLeftAuto:0; RightAuto:0, NextLeftAuto:0
		KeyAttrDataFloat: *20 {
			a: 0,0,218434821,0,0,0,218434821,0,0,0,218434821,0,0,0,218434821,0,0,0,218434821,0
		} 
		KeyAttrRefCount: *5 {
			a: 1,1,1,1,1
		} 
	}
	AnimationCurve: 1897059837632, "AnimCurve::", "" {
		Default: 0
		KeyVer: 4009
		KeyTime: *5 {
			a: 0,22323309700,45416388700,68509467700,91602546700
		} 
		KeyValueFloat: *5 {
			a: 0,0,0,0,0
		} 
		;KeyAttrFlags: Cubic|TangeantAuto|GenericTimeIndependent, Cubic|TangeantAuto|GenericTimeIndependent, Cubic|TangeantAuto|GenericTimeIndependent, Cubic|TangeantAuto|GenericTimeIndependent, Cubic|TangeantAuto|GenericTimeIndependent
		KeyAttrFlags: *5 {
			a: 8456,8456,8456,8456,8456
		} 
		;KeyAttrDataFloat: RightAuto:0, NextLeftAuto:0; RightAuto:0, NextLeftAuto:0; RightAuto:0, NextLeftAuto:0; RightAuto:0, NextLeftAuto:0; RightAuto:0, NextLeftAuto:0
		KeyAttrDataFloat: *20 {
			a: 0,0,218434821,0,0,0,218434821,0,0,0,218434821,0,0,0,218434821,0,0,0,218434821,0
		} 
		KeyAttrRefCount: *5 {
			a: 1,1,1,1,1
		} 
	}
	AnimationCurve: 1897059831392, "AnimCurve::", "" {
		Default: 0
		KeyVer: 4009
		KeyTime: *5 {
			a: 0,22323309700,45416388700,68509467700,91602546700
		} 
		KeyValueFloat: *5 {
			a: 0,0,0,0,0
		} 
		;KeyAttrFlags: Cubic|TangeantAuto|GenericTimeIndependent, Cubic|TangeantAuto|GenericTimeIndependent, Cubic|TangeantAuto|GenericTimeIndependent, Cubic|TangeantAuto|GenericTimeIndependent, Cubic|TangeantAuto|GenericTimeIndependent
		KeyAttrFlags: *5 {
			a: 8456,8456,8456,8456,8456
		} 
		;KeyAttrDataFloat: RightAuto:0, NextLeftAuto:0; RightAuto:0, NextLeftAuto:0; RightAuto:0, NextLeftAuto:0; RightAuto:0, NextLeftAuto:0; RightAuto:0, NextLeftAuto:0
		KeyAttrDataFloat: *20 {
			a: 0,0,218434821,0,0,0,218434821,0,0,0,218434821,0,0,0,218434821,0,0,0,218434821,0
		} 
		KeyAttrRefCount: *5 {
			a: 1,1,1,1,1
		} 
	}
	AnimationCurve: 1897059834592, "AnimCurve::", "" {
		Default: -90.0000076293945
		KeyVer: 4009
		KeyTime: *5 {
			a: 0,22323309700,45416388700,68509467700,91602546700
		} 
		KeyValueFloat: *5 {
			a: -90.00001,-90.00001,-90.00001,-90.00001,-90.00001
		} 
		;KeyAttrFlags: Cubic|TangeantAuto|GenericTimeIndependent, Cubic|TangeantAuto|GenericTimeIndependent, Cubic|TangeantAuto|GenericTimeIndependent, Cubic|TangeantAuto|GenericTimeIndependent, Cubic|TangeantAuto|GenericTimeIndependent
		KeyAttrFlags: *5 {
			a: 8456,8456,8456,8456,8456
		} 
		;KeyAttrDataFloat: RightAuto:0, NextLeftAuto:0; RightAuto:0, NextLeftAuto:0; RightAuto:0, NextLeftAuto:0; RightAuto:0, NextLeftAuto:0; RightAuto:0, NextLeftAuto:0
		KeyAttrDataFloat: *20 {
			a: 0,0,218434821,0,0,0,218434821,0,0,0,218434821,0,0,0,218434821,0,0,0,218434821,0
		} 
		KeyAttrRefCount: *5 {
			a: 1,1,1,1,1
		} 
	}
	AnimationCurve: 1897059837792, "AnimCurve::", "" {
